Flow value: 8.22
(0,1) Flow: 1.08
(0,2) Flow: 2.01
(0,20) Flow: 1.00
(0,21) Flow: 2.12
(0,40) Flow: 2.01
(1,0) Flow: -1.08
(1,2) Flow: 0.00
(1,3) Flow: 0.00
(1,20) Flow: 0.00
(1,21) Flow: 0.00
(1,22) Flow: 0.00
(1,41) Flow: 1.08
(2,0) Flow: -2.01
(2,1) Flow: 0.00
(2,3) Flow: 0.00
(2,4) Flow: 0.00
(2,21) Flow: 0.00
(2,22) Flow: 0.00
(2,23) Flow: 0.00
(2,42) Flow: 2.01
(3,1) Flow: 0.00
(3,2) Flow: 0.00
(3,4) Flow: 0.00
(3,5) Flow: 0.00
(3,22) Flow: 0.00
(3,23) Flow: 0.00
(3,24) Flow: 0.00
(4,2) Flow: 0.00
(4,3) Flow: 0.00
(4,5) Flow: 0.00
(4,6) Flow: 0.00
(4,23) Flow: 0.00
(4,24) Flow: 0.00
(4,25) Flow: 0.00
(4,44) Flow: 0.00
(5,3) Flow: 0.00
(5,4) Flow: 0.00
(5,6) Flow: 0.00
(5,7) Flow: 0.00
(5,24) Flow: 0.00
(5,25) Flow: 0.00
(5,26) Flow: 0.00
(5,45) Flow: 0.00
(6,4) Flow: 0.00
(6,5) Flow: 0.00
(6,7) Flow: 0.00
(6,8) Flow: 0.00
(6,25) Flow: 0.00
(6,26) Flow: 0.00
(6,27) Flow: 0.00
(6,46) Flow: 0.00
(7,5) Flow: 0.00
(7,6) Flow: 0.00
(7,8) Flow: 0.00
(7,9) Flow: 0.00
(7,26) Flow: 0.00
(7,27) Flow: 0.00
(7,28) Flow: 0.00
(7,47) Flow: 0.00
(8,6) Flow: 0.00
(8,7) Flow: 0.00
(8,9) Flow: 0.00
(8,10) Flow: 0.00
(8,27) Flow: 0.00
(8,28) Flow: 0.00
(8,29) Flow: 0.00
(8,48) Flow: 0.00
(9,7) Flow: 0.00
(9,8) Flow: 0.00
(9,10) Flow: 0.00
(9,11) Flow: 0.00
(9,28) Flow: 0.00
(9,29) Flow: 0.00
(9,30) Flow: 0.00
(9,49) Flow: 0.00
(10,8) Flow: 0.00
(10,9) Flow: 0.00
(10,11) Flow: 0.00
(10,12) Flow: 0.00
(10,29) Flow: 0.00
(10,30) Flow: 0.00
(10,31) Flow: 0.00
(10,50) Flow: 0.00
(11,9) Flow: 0.00
(11,10) Flow: 0.00
(11,12) Flow: 0.00
(11,13) Flow: 0.00
(11,30) Flow: 0.00
(11,31) Flow: 0.00
(11,32) Flow: 0.00
(11,51) Flow: 0.00
(12,10) Flow: 0.00
(12,11) Flow: 0.00
(12,13) Flow: 0.00
(12,14) Flow: 0.00
(12,31) Flow: 0.00
(12,32) Flow: 0.00
(12,33) Flow: 0.00
(12,52) Flow: 0.00
(13,11) Flow: 0.00
(13,12) Flow: 0.00
(13,14) Flow: 0.00
(13,32) Flow: 0.00
(13,33) Flow: 0.00
(13,34) Flow: 0.00
(13,53) Flow: 0.00
(20,0) Flow: -1.00
(20,1) Flow: 0.00
(20,21) Flow: 0.00
(20,22) Flow: 0.00
(20,40) Flow: 0.00
(20,41) Flow: 0.00
(20,60) Flow: 1.00
(14,12) Flow: 0.00
(14,13) Flow: 0.00
(14,16) Flow: 0.00
(14,33) Flow: 0.00
(14,34) Flow: 0.00
(14,54) Flow: 0.00
(21,0) Flow: -2.12
(21,1) Flow: 0.00
(21,2) Flow: 0.00
(21,20) Flow: 0.00
(21,22) Flow: 0.00
(21,23) Flow: 0.00
(21,40) Flow: 0.00
(21,41) Flow: 0.00
(21,42) Flow: 0.06
(21,61) Flow: 2.06
(22,1) Flow: 0.00
(22,2) Flow: 0.00
(22,3) Flow: 0.00
(22,20) Flow: 0.00
(22,21) Flow: 0.00
(22,23) Flow: 0.00
(22,24) Flow: 0.00
(22,41) Flow: 0.00
(22,42) Flow: 0.00
(16,14) Flow: 0.00
(16,17) Flow: 0.00
(16,18) Flow: 0.00
(16,36) Flow: 0.00
(16,37) Flow: 0.00
(16,56) Flow: 0.00
(23,2) Flow: 0.00
(23,3) Flow: 0.00
(23,4) Flow: 0.00
(23,21) Flow: 0.00
(23,22) Flow: 0.00
(23,24) Flow: 0.00
(23,25) Flow: 0.00
(23,42) Flow: 0.00
(23,44) Flow: 0.00
(23,63) Flow: 0.00
(17,16) Flow: 0.00
(17,18) Flow: 0.00
(17,19) Flow: 0.00
(17,36) Flow: 0.00
(17,37) Flow: 0.00
(17,38) Flow: 0.00
(17,57) Flow: 0.00
(24,3) Flow: 0.00
(24,4) Flow: 0.00
(24,5) Flow: 0.00
(24,22) Flow: 0.00
(24,23) Flow: 0.00
(24,25) Flow: 0.00
(24,26) Flow: 0.00
(24,44) Flow: 0.00
(24,45) Flow: 0.00
(24,64) Flow: 0.00
(18,16) Flow: 0.00
(18,17) Flow: 0.00
(18,19) Flow: 0.00
(18,37) Flow: 0.00
(18,38) Flow: 0.00
(18,39) Flow: 0.00
(18,58) Flow: 0.00
(25,4) Flow: 0.00
(25,5) Flow: 0.00
(25,6) Flow: 0.00
(25,23) Flow: 0.00
(25,24) Flow: 0.00
(25,26) Flow: 0.00
(25,27) Flow: 0.00
(25,44) Flow: 0.00
(25,45) Flow: 0.00
(25,46) Flow: 0.00
(25,65) Flow: 0.00
(19,17) Flow: 0.00
(19,18) Flow: 0.00
(19,38) Flow: 0.00
(19,39) Flow: 0.00
(19,59) Flow: 0.00
(26,5) Flow: 0.00
(26,6) Flow: 0.00
(26,7) Flow: 0.00
(26,24) Flow: 0.00
(26,25) Flow: 0.00
(26,27) Flow: 0.00
(26,28) Flow: 0.00
(26,45) Flow: 0.00
(26,46) Flow: 0.00
(26,47) Flow: 0.00
(26,66) Flow: 0.00
(27,6) Flow: 0.00
(27,7) Flow: 0.00
(27,8) Flow: 0.00
(27,25) Flow: 0.00
(27,26) Flow: 0.00
(27,28) Flow: 0.00
(27,29) Flow: 0.00
(27,46) Flow: 0.00
(27,47) Flow: 0.00
(27,48) Flow: 0.00
(27,67) Flow: 0.00
(28,7) Flow: 0.00
(28,8) Flow: 0.00
(28,9) Flow: 0.00
(28,26) Flow: 0.00
(28,27) Flow: 0.00
(28,29) Flow: 0.00
(28,30) Flow: 0.00
(28,47) Flow: 0.00
(28,48) Flow: 0.00
(28,49) Flow: 0.00
(28,68) Flow: 0.00
(29,8) Flow: 0.00
(29,9) Flow: 0.00
(29,10) Flow: 0.00
(29,27) Flow: 0.00
(29,28) Flow: 0.00
(29,30) Flow: 0.00
(29,31) Flow: 0.00
(29,48) Flow: 0.00
(29,49) Flow: 0.00
(29,50) Flow: 0.00
(29,69) Flow: 0.00
(30,9) Flow: 0.00
(30,10) Flow: 0.00
(30,11) Flow: 0.00
(30,28) Flow: 0.00
(30,29) Flow: 0.00
(30,31) Flow: 0.00
(30,32) Flow: 0.00
(30,49) Flow: 0.00
(30,50) Flow: 0.00
(30,51) Flow: 0.00
(30,70) Flow: 0.00
(31,10) Flow: 0.00
(31,11) Flow: 0.00
(31,12) Flow: 0.00
(31,29) Flow: 0.00
(31,30) Flow: 0.00
(31,32) Flow: 0.00
(31,33) Flow: 0.00
(31,50) Flow: 0.00
(31,51) Flow: 0.00
(31,52) Flow: 0.00
(31,71) Flow: 0.00
(32,11) Flow: 0.00
(32,12) Flow: 0.00
(32,13) Flow: 0.00
(32,30) Flow: 0.00
(32,31) Flow: 0.00
(32,33) Flow: 0.00
(32,34) Flow: 0.00
(32,51) Flow: 0.00
(32,52) Flow: 0.00
(32,53) Flow: 0.00
(32,72) Flow: 0.00
(33,12) Flow: 0.00
(33,13) Flow: 0.00
(33,14) Flow: 0.00
(33,31) Flow: 0.00
(33,32) Flow: 0.00
(33,34) Flow: 0.00
(33,52) Flow: 0.00
(33,53) Flow: 0.00
(33,54) Flow: 0.00
(33,73) Flow: 0.00
(40,0) Flow: -2.01
(40,20) Flow: 0.00
(40,21) Flow: 0.00
(40,41) Flow: 0.00
(40,42) Flow: 0.00
(40,60) Flow: 0.00
(40,61) Flow: 0.00
(40,80) Flow: 2.01
(34,13) Flow: 0.00
(34,14) Flow: 0.00
(34,32) Flow: 0.00
(34,33) Flow: 0.00
(34,36) Flow: 0.00
(34,53) Flow: 0.00
(34,54) Flow: 0.00
(34,55) Flow: 0.00
(34,74) Flow: 0.00
(41,1) Flow: -1.08
(41,20) Flow: 0.00
(41,21) Flow: 0.00
(41,22) Flow: 0.00
(41,40) Flow: 0.00
(41,42) Flow: 0.00
(41,60) Flow: 0.00
(41,61) Flow: 0.00
(41,81) Flow: 1.08
(42,2) Flow: -2.01
(42,21) Flow: -0.06
(42,22) Flow: 0.00
(42,23) Flow: 0.00
(42,40) Flow: 0.00
(42,41) Flow: 0.00
(42,44) Flow: 0.00
(42,61) Flow: 0.00
(42,63) Flow: 2.07
(36,16) Flow: 0.00
(36,17) Flow: 0.00
(36,34) Flow: 0.00
(36,37) Flow: 0.00
(36,38) Flow: 0.00
(36,55) Flow: 0.00
(36,56) Flow: 0.00
(36,57) Flow: 0.00
(36,76) Flow: 0.00
(37,16) Flow: 0.00
(37,17) Flow: 0.00
(37,18) Flow: 0.00
(37,36) Flow: 0.00
(37,38) Flow: 0.00
(37,39) Flow: 0.00
(37,56) Flow: 0.00
(37,57) Flow: 0.00
(37,58) Flow: 0.00
(44,4) Flow: 0.00
(44,23) Flow: 0.00
(44,24) Flow: 0.00
(44,25) Flow: 0.00
(44,42) Flow: 0.00
(44,45) Flow: 0.00
(44,46) Flow: 0.00
(44,63) Flow: 0.00
(44,64) Flow: 0.00
(44,65) Flow: 0.00
(44,84) Flow: 0.00
(38,17) Flow: 0.00
(38,18) Flow: 0.00
(38,19) Flow: 0.00
(38,36) Flow: 0.00
(38,37) Flow: 0.00
(38,39) Flow: 0.00
(38,57) Flow: 0.00
(38,58) Flow: 0.00
(38,59) Flow: 0.00
(38,78) Flow: 0.00
(45,5) Flow: 0.00
(45,24) Flow: 0.00
(45,25) Flow: 0.00
(45,26) Flow: 0.00
(45,44) Flow: 0.00
(45,46) Flow: 0.00
(45,47) Flow: 0.00
(45,64) Flow: 0.00
(45,65) Flow: 0.00
(45,66) Flow: 0.00
(45,85) Flow: 0.00
(39,18) Flow: 0.00
(39,19) Flow: 0.00
(39,37) Flow: 0.00
(39,38) Flow: 0.00
(39,58) Flow: 0.00
(39,59) Flow: 0.00
(39,79) Flow: 0.00
(46,6) Flow: 0.00
(46,25) Flow: 0.00
(46,26) Flow: 0.00
(46,27) Flow: 0.00
(46,44) Flow: 0.00
(46,45) Flow: 0.00
(46,47) Flow: 0.00
(46,48) Flow: 0.00
(46,65) Flow: 0.00
(46,66) Flow: 0.00
(46,67) Flow: 0.00
(46,86) Flow: 0.00
(47,7) Flow: 0.00
(47,26) Flow: 0.00
(47,27) Flow: 0.00
(47,28) Flow: 0.00
(47,45) Flow: 0.00
(47,46) Flow: 0.00
(47,48) Flow: 0.00
(47,49) Flow: 0.00
(47,66) Flow: 0.00
(47,67) Flow: 0.00
(47,68) Flow: 0.00
(47,87) Flow: 0.00
(48,8) Flow: 0.00
(48,27) Flow: 0.00
(48,28) Flow: 0.00
(48,29) Flow: 0.00
(48,46) Flow: 0.00
(48,47) Flow: 0.00
(48,49) Flow: 0.00
(48,50) Flow: 0.00
(48,67) Flow: 0.00
(48,68) Flow: 0.00
(48,69) Flow: 0.00
(48,88) Flow: 0.00
(49,9) Flow: 0.00
(49,28) Flow: 0.00
(49,29) Flow: 0.00
(49,30) Flow: 0.00
(49,47) Flow: 0.00
(49,48) Flow: 0.00
(49,50) Flow: 0.00
(49,51) Flow: 0.00
(49,68) Flow: 0.00
(49,69) Flow: 0.00
(49,70) Flow: 0.00
(49,89) Flow: 0.00
(50,10) Flow: 0.00
(50,29) Flow: 0.00
(50,30) Flow: 0.00
(50,31) Flow: 0.00
(50,48) Flow: 0.00
(50,49) Flow: 0.00
(50,51) Flow: 0.00
(50,52) Flow: 0.00
(50,69) Flow: 0.00
(50,70) Flow: 0.00
(50,71) Flow: 0.00
(50,90) Flow: 0.00
(51,11) Flow: 0.00
(51,30) Flow: 0.00
(51,31) Flow: 0.00
(51,32) Flow: 0.00
(51,49) Flow: 0.00
(51,50) Flow: 0.00
(51,52) Flow: 0.00
(51,53) Flow: 0.00
(51,70) Flow: 0.00
(51,71) Flow: 0.00
(51,72) Flow: 0.00
(52,12) Flow: 0.00
(52,31) Flow: 0.00
(52,32) Flow: 0.00
(52,33) Flow: 0.00
(52,50) Flow: 0.00
(52,51) Flow: 0.00
(52,53) Flow: 0.00
(52,54) Flow: 0.00
(52,71) Flow: 0.00
(52,72) Flow: 0.00
(52,73) Flow: 0.00
(53,13) Flow: 0.00
(53,32) Flow: 0.00
(53,33) Flow: 0.00
(53,34) Flow: 0.00
(53,51) Flow: 0.00
(53,52) Flow: 0.00
(53,54) Flow: 0.00
(53,55) Flow: 0.00
(53,72) Flow: 0.00
(53,73) Flow: 0.00
(53,74) Flow: 0.00
(60,20) Flow: -1.00
(60,40) Flow: 0.00
(60,41) Flow: 0.00
(60,61) Flow: 0.00
(60,80) Flow: 0.00
(60,81) Flow: 0.00
(60,100) Flow: 1.00
(54,14) Flow: 0.00
(54,33) Flow: 0.00
(54,34) Flow: 0.00
(54,52) Flow: 0.00
(54,53) Flow: 0.00
(54,55) Flow: 0.00
(54,56) Flow: 0.00
(54,73) Flow: 0.00
(54,74) Flow: 0.00
(54,75) Flow: 0.00
(54,94) Flow: 0.00
(61,21) Flow: -2.06
(61,40) Flow: 0.00
(61,41) Flow: 0.00
(61,42) Flow: 0.00
(61,60) Flow: 0.00
(61,63) Flow: 0.00
(61,80) Flow: 0.00
(61,81) Flow: 0.00
(61,101) Flow: 2.06
(55,34) Flow: 0.00
(55,36) Flow: 0.00
(55,53) Flow: 0.00
(55,54) Flow: 0.00
(55,56) Flow: 0.00
(55,57) Flow: 0.00
(55,74) Flow: 0.00
(55,75) Flow: 0.00
(55,76) Flow: 0.00
(55,95) Flow: 0.00
(56,16) Flow: 0.00
(56,36) Flow: 0.00
(56,37) Flow: 0.00
(56,54) Flow: 0.00
(56,55) Flow: 0.00
(56,57) Flow: 0.00
(56,58) Flow: 0.00
(56,75) Flow: 0.00
(56,76) Flow: 0.00
(56,96) Flow: 0.00
(63,23) Flow: 0.00
(63,42) Flow: -2.07
(63,44) Flow: 0.00
(63,61) Flow: 0.00
(63,64) Flow: 0.00
(63,65) Flow: 0.00
(63,83) Flow: 0.00
(63,84) Flow: 0.00
(63,103) Flow: 2.07
(57,17) Flow: 0.00
(57,36) Flow: 0.00
(57,37) Flow: 0.00
(57,38) Flow: 0.00
(57,55) Flow: 0.00
(57,56) Flow: 0.00
(57,58) Flow: 0.00
(57,59) Flow: 0.00
(57,76) Flow: 0.00
(57,78) Flow: 0.00
(57,97) Flow: 0.00
(64,24) Flow: 0.00
(64,44) Flow: 0.00
(64,45) Flow: 0.00
(64,63) Flow: 0.00
(64,65) Flow: 0.00
(64,66) Flow: 0.00
(64,83) Flow: 0.00
(64,84) Flow: 0.00
(64,85) Flow: 0.00
(64,104) Flow: 0.00
(58,18) Flow: 0.00
(58,37) Flow: 0.00
(58,38) Flow: 0.00
(58,39) Flow: 0.00
(58,56) Flow: 0.00
(58,57) Flow: 0.00
(58,59) Flow: 0.00
(58,78) Flow: 0.00
(58,79) Flow: 0.00
(65,25) Flow: 0.00
(65,44) Flow: 0.00
(65,45) Flow: 0.00
(65,46) Flow: 0.00
(65,63) Flow: 0.00
(65,64) Flow: 0.00
(65,66) Flow: 0.00
(65,67) Flow: 0.00
(65,84) Flow: 0.00
(65,85) Flow: 0.00
(65,86) Flow: 0.00
(65,105) Flow: 0.00
(59,19) Flow: 0.00
(59,38) Flow: 0.00
(59,39) Flow: 0.00
(59,57) Flow: 0.00
(59,58) Flow: 0.00
(59,78) Flow: 0.00
(59,79) Flow: 0.00
(66,26) Flow: 0.00
(66,45) Flow: 0.00
(66,46) Flow: 0.00
(66,47) Flow: 0.00
(66,64) Flow: 0.00
(66,65) Flow: 0.00
(66,67) Flow: 0.00
(66,68) Flow: 0.00
(66,85) Flow: 0.00
(66,86) Flow: 0.00
(66,87) Flow: 0.00
(66,106) Flow: 0.00
(67,27) Flow: 0.00
(67,46) Flow: 0.00
(67,47) Flow: 0.00
(67,48) Flow: 0.00
(67,65) Flow: 0.00
(67,66) Flow: 0.00
(67,68) Flow: 0.00
(67,69) Flow: 0.00
(67,86) Flow: 0.00
(67,87) Flow: 0.00
(67,88) Flow: 0.00
(67,107) Flow: 0.00
(68,28) Flow: 0.00
(68,47) Flow: 0.00
(68,48) Flow: 0.00
(68,49) Flow: 0.00
(68,66) Flow: 0.00
(68,67) Flow: 0.00
(68,69) Flow: 0.00
(68,70) Flow: 0.00
(68,87) Flow: 0.00
(68,88) Flow: 0.00
(68,89) Flow: 0.00
(68,108) Flow: 0.00
(69,29) Flow: 0.00
(69,48) Flow: 0.00
(69,49) Flow: 0.00
(69,50) Flow: 0.00
(69,67) Flow: 0.00
(69,68) Flow: 0.00
(69,70) Flow: 0.00
(69,71) Flow: 0.00
(69,88) Flow: 0.00
(69,89) Flow: 0.00
(69,90) Flow: 0.00
(69,109) Flow: 0.00
(70,30) Flow: 0.00
(70,49) Flow: 0.00
(70,50) Flow: 0.00
(70,51) Flow: 0.00
(70,68) Flow: 0.00
(70,69) Flow: 0.00
(70,71) Flow: 0.00
(70,72) Flow: 0.00
(70,89) Flow: 0.00
(70,90) Flow: 0.00
(70,110) Flow: 0.00
(71,31) Flow: 0.00
(71,50) Flow: 0.00
(71,51) Flow: 0.00
(71,52) Flow: 0.00
(71,69) Flow: 0.00
(71,70) Flow: 0.00
(71,72) Flow: 0.00
(71,73) Flow: 0.00
(71,90) Flow: 0.00
(71,111) Flow: 0.00
(72,32) Flow: 0.00
(72,51) Flow: 0.00
(72,52) Flow: 0.00
(72,53) Flow: 0.00
(72,70) Flow: 0.00
(72,71) Flow: 0.00
(72,73) Flow: 0.00
(72,74) Flow: 0.00
(72,112) Flow: 0.00
(73,33) Flow: 0.00
(73,52) Flow: 0.00
(73,53) Flow: 0.00
(73,54) Flow: 0.00
(73,71) Flow: 0.00
(73,72) Flow: 0.00
(73,74) Flow: 0.00
(73,75) Flow: 0.00
(73,94) Flow: 0.00
(73,113) Flow: 0.00
(80,40) Flow: -2.01
(80,60) Flow: 0.00
(80,61) Flow: 0.00
(80,81) Flow: 0.00
(80,100) Flow: 0.00
(80,101) Flow: 0.00
(80,120) Flow: 2.01
(74,34) Flow: 0.00
(74,53) Flow: 0.00
(74,54) Flow: 0.00
(74,55) Flow: 0.00
(74,72) Flow: 0.00
(74,73) Flow: 0.00
(74,75) Flow: 0.00
(74,76) Flow: 0.00
(74,94) Flow: 0.00
(74,95) Flow: 0.00
(74,114) Flow: 0.00
(81,41) Flow: -1.08
(81,60) Flow: 0.00
(81,61) Flow: 0.00
(81,80) Flow: 0.00
(81,83) Flow: 0.00
(81,100) Flow: 0.00
(81,101) Flow: 0.00
(81,102) Flow: 0.00
(81,121) Flow: 1.08
(75,54) Flow: 0.00
(75,55) Flow: 0.00
(75,56) Flow: 0.00
(75,73) Flow: 0.00
(75,74) Flow: 0.00
(75,76) Flow: 0.00
(75,94) Flow: 0.00
(75,95) Flow: 0.00
(75,96) Flow: 0.00
(75,115) Flow: 0.00
(76,36) Flow: 0.00
(76,55) Flow: 0.00
(76,56) Flow: 0.00
(76,57) Flow: 0.00
(76,74) Flow: 0.00
(76,75) Flow: 0.00
(76,78) Flow: 0.00
(76,95) Flow: 0.00
(76,96) Flow: 0.00
(76,97) Flow: 0.00
(76,116) Flow: 0.00
(83,63) Flow: 0.00
(83,64) Flow: 0.00
(83,81) Flow: 0.00
(83,84) Flow: 0.00
(83,85) Flow: 0.00
(83,102) Flow: 0.00
(83,103) Flow: 0.00
(83,104) Flow: 0.00
(83,123) Flow: 0.00
(84,44) Flow: 0.00
(84,63) Flow: 0.00
(84,64) Flow: 0.00
(84,65) Flow: 0.00
(84,83) Flow: 0.00
(84,85) Flow: 0.00
(84,86) Flow: 0.00
(84,103) Flow: 0.00
(84,104) Flow: 0.00
(84,105) Flow: 0.00
(84,124) Flow: 0.00
(78,38) Flow: 0.00
(78,57) Flow: 0.00
(78,58) Flow: 0.00
(78,59) Flow: 0.00
(78,76) Flow: 0.00
(78,79) Flow: 0.00
(78,97) Flow: 0.00
(85,45) Flow: 0.00
(85,64) Flow: 0.00
(85,65) Flow: 0.00
(85,66) Flow: 0.00
(85,83) Flow: 0.00
(85,84) Flow: 0.00
(85,86) Flow: 0.00
(85,87) Flow: 0.00
(85,104) Flow: 0.00
(85,105) Flow: 0.00
(85,106) Flow: 0.00
(85,125) Flow: 0.00
(79,39) Flow: 0.00
(79,58) Flow: 0.00
(79,59) Flow: 0.00
(79,78) Flow: 0.00
(86,46) Flow: 0.00
(86,65) Flow: 0.00
(86,66) Flow: 0.00
(86,67) Flow: 0.00
(86,84) Flow: 0.00
(86,85) Flow: 0.00
(86,87) Flow: 0.00
(86,88) Flow: 0.00
(86,105) Flow: 0.00
(86,106) Flow: 0.00
(86,107) Flow: 0.00
(86,126) Flow: 0.00
(87,47) Flow: 0.00
(87,66) Flow: 0.00
(87,67) Flow: 0.00
(87,68) Flow: 0.00
(87,85) Flow: 0.00
(87,86) Flow: 0.00
(87,88) Flow: 0.00
(87,89) Flow: 0.00
(87,106) Flow: 0.00
(87,107) Flow: 0.00
(87,108) Flow: 0.00
(87,127) Flow: 0.00
(88,48) Flow: 0.00
(88,67) Flow: 0.00
(88,68) Flow: 0.00
(88,69) Flow: 0.00
(88,86) Flow: 0.00
(88,87) Flow: 0.00
(88,89) Flow: 0.00
(88,90) Flow: 0.00
(88,107) Flow: 0.00
(88,108) Flow: 0.00
(88,109) Flow: 0.00
(88,128) Flow: 0.00
(89,49) Flow: 0.00
(89,68) Flow: 0.00
(89,69) Flow: 0.00
(89,70) Flow: 0.00
(89,87) Flow: 0.00
(89,88) Flow: 0.00
(89,90) Flow: 0.00
(89,108) Flow: 0.00
(89,109) Flow: 0.00
(89,110) Flow: 0.00
(89,129) Flow: 0.00
(90,50) Flow: 0.00
(90,69) Flow: 0.00
(90,70) Flow: 0.00
(90,71) Flow: 0.00
(90,88) Flow: 0.00
(90,89) Flow: 0.00
(90,109) Flow: 0.00
(90,110) Flow: 0.00
(90,111) Flow: 0.00
(90,130) Flow: 0.00
(100,60) Flow: -1.00
(100,80) Flow: 0.00
(100,81) Flow: 0.00
(100,101) Flow: 0.00
(100,102) Flow: 0.00
(100,120) Flow: 0.00
(100,121) Flow: 0.00
(100,140) Flow: 1.00
(94,54) Flow: 0.00
(94,73) Flow: 0.00
(94,74) Flow: 0.00
(94,75) Flow: 0.00
(94,95) Flow: 0.00
(94,96) Flow: 0.00
(94,113) Flow: 0.00
(94,114) Flow: 0.00
(94,115) Flow: 0.00
(94,134) Flow: 0.00
(101,61) Flow: -2.06
(101,80) Flow: 0.00
(101,81) Flow: 0.00
(101,100) Flow: 0.00
(101,102) Flow: 0.00
(101,103) Flow: 0.00
(101,120) Flow: 0.00
(101,121) Flow: 0.00
(101,122) Flow: 0.00
(101,141) Flow: 2.06
(95,55) Flow: 0.00
(95,74) Flow: 0.00
(95,75) Flow: 0.00
(95,76) Flow: 0.00
(95,94) Flow: 0.00
(95,96) Flow: 0.00
(95,97) Flow: 0.00
(95,114) Flow: 0.00
(95,115) Flow: 0.00
(95,116) Flow: 0.00
(95,135) Flow: 0.00
(102,81) Flow: 0.00
(102,83) Flow: 0.00
(102,100) Flow: 0.00
(102,101) Flow: 0.00
(102,103) Flow: 0.00
(102,104) Flow: 0.00
(102,121) Flow: 0.00
(102,122) Flow: 0.00
(102,123) Flow: 0.00
(102,142) Flow: 0.00
(96,56) Flow: 0.00
(96,75) Flow: 0.00
(96,76) Flow: 0.00
(96,94) Flow: 0.00
(96,95) Flow: 0.00
(96,97) Flow: 0.00
(96,115) Flow: 0.00
(96,116) Flow: 0.00
(96,136) Flow: 0.00
(103,63) Flow: -2.07
(103,83) Flow: 0.00
(103,84) Flow: 0.00
(103,101) Flow: 0.00
(103,102) Flow: 0.00
(103,104) Flow: 0.00
(103,105) Flow: 0.00
(103,122) Flow: 0.00
(103,123) Flow: 0.00
(103,124) Flow: 0.00
(103,143) Flow: 2.07
(97,57) Flow: 0.00
(97,76) Flow: 0.00
(97,78) Flow: 0.00
(97,95) Flow: 0.00
(97,96) Flow: 0.00
(97,116) Flow: 0.00
(97,137) Flow: 0.00
(104,64) Flow: 0.00
(104,83) Flow: 0.00
(104,84) Flow: 0.00
(104,85) Flow: 0.00
(104,102) Flow: 0.00
(104,103) Flow: 0.00
(104,105) Flow: 0.00
(104,106) Flow: 0.00
(104,123) Flow: 0.00
(104,124) Flow: 0.00
(104,125) Flow: 0.00
(104,144) Flow: 0.00
(105,65) Flow: 0.00
(105,84) Flow: 0.00
(105,85) Flow: 0.00
(105,86) Flow: 0.00
(105,103) Flow: 0.00
(105,104) Flow: 0.00
(105,106) Flow: 0.00
(105,107) Flow: 0.00
(105,124) Flow: 0.00
(105,125) Flow: 0.00
(105,126) Flow: 0.00
(105,145) Flow: 0.00
(106,66) Flow: 0.00
(106,85) Flow: 0.00
(106,86) Flow: 0.00
(106,87) Flow: 0.00
(106,104) Flow: 0.00
(106,105) Flow: 0.00
(106,107) Flow: 0.00
(106,108) Flow: 0.00
(106,125) Flow: 0.00
(106,126) Flow: 0.00
(106,127) Flow: 0.00
(106,146) Flow: 0.00
(107,67) Flow: 0.00
(107,86) Flow: 0.00
(107,87) Flow: 0.00
(107,88) Flow: 0.00
(107,105) Flow: 0.00
(107,106) Flow: 0.00
(107,108) Flow: 0.00
(107,109) Flow: 0.00
(107,126) Flow: 0.00
(107,127) Flow: 0.00
(107,128) Flow: 0.00
(107,147) Flow: 0.00
(108,68) Flow: 0.00
(108,87) Flow: 0.00
(108,88) Flow: 0.00
(108,89) Flow: 0.00
(108,106) Flow: 0.00
(108,107) Flow: 0.00
(108,109) Flow: 0.00
(108,110) Flow: 0.00
(108,127) Flow: 0.00
(108,128) Flow: 0.00
(108,129) Flow: 0.00
(108,148) Flow: 0.00
(109,69) Flow: 0.00
(109,88) Flow: 0.00
(109,89) Flow: 0.00
(109,90) Flow: 0.00
(109,107) Flow: 0.00
(109,108) Flow: 0.00
(109,110) Flow: 0.00
(109,111) Flow: 0.00
(109,128) Flow: 0.00
(109,129) Flow: 0.00
(109,130) Flow: 0.00
(109,149) Flow: 0.00
(110,70) Flow: 0.00
(110,89) Flow: 0.00
(110,90) Flow: 0.00
(110,108) Flow: 0.00
(110,109) Flow: 0.00
(110,111) Flow: 0.00
(110,112) Flow: 0.00
(110,129) Flow: 0.00
(110,130) Flow: 0.00
(110,131) Flow: 0.00
(110,150) Flow: 0.00
(111,71) Flow: 0.00
(111,90) Flow: 0.00
(111,109) Flow: 0.00
(111,110) Flow: 0.00
(111,112) Flow: 0.00
(111,113) Flow: 0.00
(111,130) Flow: 0.00
(111,131) Flow: 0.00
(111,132) Flow: 0.00
(111,151) Flow: 0.00
(112,72) Flow: 0.00
(112,110) Flow: 0.00
(112,111) Flow: 0.00
(112,113) Flow: 0.00
(112,114) Flow: 0.00
(112,131) Flow: 0.00
(112,132) Flow: 0.00
(112,133) Flow: 0.00
(112,152) Flow: 0.00
(113,73) Flow: 0.00
(113,94) Flow: 0.00
(113,111) Flow: 0.00
(113,112) Flow: 0.00
(113,114) Flow: 0.00
(113,115) Flow: 0.00
(113,132) Flow: 0.00
(113,133) Flow: 0.00
(113,134) Flow: 0.00
(113,153) Flow: 0.00
(120,80) Flow: -2.01
(120,100) Flow: 0.00
(120,101) Flow: 0.00
(120,121) Flow: 0.00
(120,122) Flow: 0.00
(120,140) Flow: 0.00
(120,141) Flow: 0.01
(120,160) Flow: 2.00
(114,74) Flow: 0.00
(114,94) Flow: 0.00
(114,95) Flow: 0.00
(114,112) Flow: 0.00
(114,113) Flow: 0.00
(114,115) Flow: 0.00
(114,116) Flow: 0.00
(114,133) Flow: 0.00
(114,134) Flow: 0.00
(114,135) Flow: 0.00
(114,154) Flow: 0.00
(121,81) Flow: -1.08
(121,100) Flow: 0.00
(121,101) Flow: 0.00
(121,102) Flow: 0.00
(121,120) Flow: 0.00
(121,122) Flow: 0.00
(121,123) Flow: 0.00
(121,140) Flow: 0.00
(121,141) Flow: 0.00
(121,142) Flow: 0.00
(121,161) Flow: 1.08
(115,75) Flow: 0.00
(115,94) Flow: 0.00
(115,95) Flow: 0.00
(115,96) Flow: 0.00
(115,113) Flow: 0.00
(115,114) Flow: 0.00
(115,116) Flow: 0.00
(115,134) Flow: 0.00
(115,135) Flow: 0.00
(115,136) Flow: 0.00
(115,155) Flow: 0.00
(122,101) Flow: 0.00
(122,102) Flow: 0.00
(122,103) Flow: 0.00
(122,120) Flow: 0.00
(122,121) Flow: 0.00
(122,123) Flow: 0.00
(122,124) Flow: 0.00
(122,141) Flow: 0.00
(122,142) Flow: 0.00
(122,143) Flow: 0.00
(116,76) Flow: 0.00
(116,95) Flow: 0.00
(116,96) Flow: 0.00
(116,97) Flow: 0.00
(116,114) Flow: 0.00
(116,115) Flow: 0.00
(116,135) Flow: 0.00
(116,136) Flow: 0.00
(116,137) Flow: 0.00
(116,156) Flow: 0.00
(123,83) Flow: 0.00
(123,102) Flow: 0.00
(123,103) Flow: 0.00
(123,104) Flow: 0.00
(123,121) Flow: 0.00
(123,122) Flow: 0.00
(123,124) Flow: 0.00
(123,125) Flow: 0.00
(123,142) Flow: 0.00
(123,143) Flow: 0.00
(123,144) Flow: 0.00
(123,163) Flow: 0.00
(124,84) Flow: 0.00
(124,103) Flow: 0.00
(124,104) Flow: 0.00
(124,105) Flow: 0.00
(124,122) Flow: 0.00
(124,123) Flow: 0.00
(124,125) Flow: 0.00
(124,126) Flow: 0.00
(124,143) Flow: 0.00
(124,144) Flow: 0.00
(124,145) Flow: 0.00
(124,164) Flow: 0.00
(125,85) Flow: 0.00
(125,104) Flow: 0.00
(125,105) Flow: 0.00
(125,106) Flow: 0.00
(125,123) Flow: 0.00
(125,124) Flow: 0.00
(125,126) Flow: 0.00
(125,127) Flow: 0.00
(125,144) Flow: 0.00
(125,145) Flow: 0.00
(125,146) Flow: 0.00
(125,165) Flow: 0.00
(126,86) Flow: 0.00
(126,105) Flow: 0.00
(126,106) Flow: 0.00
(126,107) Flow: 0.00
(126,124) Flow: 0.00
(126,125) Flow: 0.00
(126,127) Flow: 0.00
(126,128) Flow: 0.00
(126,145) Flow: 0.00
(126,146) Flow: 0.00
(126,147) Flow: 0.00
(126,166) Flow: 0.00
(127,87) Flow: 0.00
(127,106) Flow: 0.00
(127,107) Flow: 0.00
(127,108) Flow: 0.00
(127,125) Flow: 0.00
(127,126) Flow: 0.00
(127,128) Flow: 0.00
(127,129) Flow: 0.00
(127,146) Flow: 0.00
(127,147) Flow: 0.00
(127,148) Flow: 0.00
(127,167) Flow: 0.00
(128,88) Flow: 0.00
(128,107) Flow: 0.00
(128,108) Flow: 0.00
(128,109) Flow: 0.00
(128,126) Flow: 0.00
(128,127) Flow: 0.00
(128,129) Flow: 0.00
(128,130) Flow: 0.00
(128,147) Flow: 0.00
(128,148) Flow: 0.00
(128,149) Flow: 0.00
(128,168) Flow: 0.00
(129,89) Flow: 0.00
(129,108) Flow: 0.00
(129,109) Flow: 0.00
(129,110) Flow: 0.00
(129,127) Flow: 0.00
(129,128) Flow: 0.00
(129,130) Flow: 0.00
(129,131) Flow: 0.00
(129,148) Flow: 0.00
(129,149) Flow: 0.00
(129,150) Flow: 0.00
(129,169) Flow: 0.00
(130,90) Flow: 0.00
(130,109) Flow: 0.00
(130,110) Flow: 0.00
(130,111) Flow: 0.00
(130,128) Flow: 0.00
(130,129) Flow: 0.00
(130,131) Flow: 0.00
(130,132) Flow: 0.00
(130,149) Flow: 0.00
(130,150) Flow: 0.00
(130,151) Flow: 0.00
(130,170) Flow: 0.00
(131,110) Flow: 0.00
(131,111) Flow: 0.00
(131,112) Flow: 0.00
(131,129) Flow: 0.00
(131,130) Flow: 0.00
(131,132) Flow: 0.00
(131,133) Flow: 0.00
(131,150) Flow: 0.00
(131,151) Flow: 0.00
(131,152) Flow: 0.00
(131,171) Flow: 0.00
(132,111) Flow: 0.00
(132,112) Flow: 0.00
(132,113) Flow: 0.00
(132,130) Flow: 0.00
(132,131) Flow: 0.00
(132,133) Flow: 0.00
(132,134) Flow: 0.00
(132,151) Flow: 0.00
(132,152) Flow: 0.00
(132,153) Flow: 0.00
(132,172) Flow: 0.00
(133,112) Flow: 0.00
(133,113) Flow: 0.00
(133,114) Flow: 0.00
(133,131) Flow: 0.00
(133,132) Flow: 0.00
(133,134) Flow: 0.00
(133,135) Flow: 0.00
(133,152) Flow: 0.00
(133,153) Flow: 0.00
(133,154) Flow: 0.00
(133,173) Flow: 0.00
(140,100) Flow: -1.00
(140,120) Flow: 0.00
(140,121) Flow: 0.00
(140,141) Flow: 0.00
(140,142) Flow: 0.00
(140,160) Flow: 0.00
(140,161) Flow: 0.00
(140,180) Flow: 1.00
(134,94) Flow: 0.00
(134,113) Flow: 0.00
(134,114) Flow: 0.00
(134,115) Flow: 0.00
(134,132) Flow: 0.00
(134,133) Flow: 0.00
(134,135) Flow: 0.00
(134,136) Flow: 0.00
(134,153) Flow: 0.00
(134,154) Flow: 0.00
(134,155) Flow: 0.00
(134,174) Flow: 0.00
(141,101) Flow: -2.06
(141,120) Flow: -0.01
(141,121) Flow: 0.00
(141,122) Flow: 0.00
(141,140) Flow: 0.00
(141,142) Flow: 0.00
(141,143) Flow: 0.00
(141,160) Flow: 0.00
(141,161) Flow: 0.06
(141,181) Flow: 2.01
(135,95) Flow: 0.00
(135,114) Flow: 0.00
(135,115) Flow: 0.00
(135,116) Flow: 0.00
(135,133) Flow: 0.00
(135,134) Flow: 0.00
(135,136) Flow: 0.00
(135,137) Flow: 0.00
(135,154) Flow: 0.00
(135,155) Flow: 0.00
(135,156) Flow: 0.00
(135,175) Flow: 0.00
(142,102) Flow: 0.00
(142,121) Flow: 0.00
(142,122) Flow: 0.00
(142,123) Flow: 0.00
(142,140) Flow: 0.00
(142,141) Flow: 0.00
(142,143) Flow: 0.00
(142,144) Flow: 0.00
(142,161) Flow: 0.00
(142,163) Flow: 0.00
(136,96) Flow: 0.00
(136,115) Flow: 0.00
(136,116) Flow: 0.00
(136,134) Flow: 0.00
(136,135) Flow: 0.00
(136,137) Flow: 0.00
(136,138) Flow: 0.00
(136,155) Flow: 0.00
(136,156) Flow: 0.00
(136,157) Flow: 0.00
(136,176) Flow: 0.00
(143,103) Flow: -2.07
(143,122) Flow: 0.00
(143,123) Flow: 0.00
(143,124) Flow: 0.00
(143,141) Flow: 0.00
(143,142) Flow: 0.00
(143,144) Flow: 0.00
(143,145) Flow: 0.00
(143,163) Flow: 0.00
(143,164) Flow: 2.07
(137,97) Flow: 0.00
(137,116) Flow: 0.00
(137,135) Flow: 0.00
(137,136) Flow: 0.00
(137,138) Flow: 0.00
(137,139) Flow: 0.00
(137,156) Flow: 0.00
(137,157) Flow: 0.00
(137,158) Flow: 0.00
(137,177) Flow: 0.00
(144,104) Flow: 0.00
(144,123) Flow: 0.00
(144,124) Flow: 0.00
(144,125) Flow: 0.00
(144,142) Flow: 0.00
(144,143) Flow: 0.00
(144,145) Flow: 0.00
(144,146) Flow: 0.00
(144,163) Flow: 0.00
(144,164) Flow: 0.00
(144,165) Flow: 0.00
(144,184) Flow: 0.00
(138,136) Flow: 0.00
(138,137) Flow: 0.00
(138,139) Flow: 0.00
(138,157) Flow: 0.00
(138,158) Flow: 0.00
(138,159) Flow: 0.00
(138,178) Flow: 0.00
(145,105) Flow: 0.00
(145,124) Flow: 0.00
(145,125) Flow: 0.00
(145,126) Flow: 0.00
(145,143) Flow: 0.00
(145,144) Flow: 0.00
(145,146) Flow: 0.00
(145,147) Flow: 0.00
(145,164) Flow: 0.00
(145,165) Flow: 0.00
(145,166) Flow: 0.00
(145,185) Flow: 0.00
(139,137) Flow: 0.00
(139,138) Flow: 0.00
(139,158) Flow: 0.00
(139,159) Flow: 0.00
(139,179) Flow: 0.00
(146,106) Flow: 0.00
(146,125) Flow: 0.00
(146,126) Flow: 0.00
(146,127) Flow: 0.00
(146,144) Flow: 0.00
(146,145) Flow: 0.00
(146,147) Flow: 0.00
(146,148) Flow: 0.00
(146,165) Flow: 0.00
(146,166) Flow: 0.00
(146,167) Flow: 0.00
(146,186) Flow: 0.00
(147,107) Flow: 0.00
(147,126) Flow: 0.00
(147,127) Flow: 0.00
(147,128) Flow: 0.00
(147,145) Flow: 0.00
(147,146) Flow: 0.00
(147,148) Flow: 0.00
(147,149) Flow: 0.00
(147,166) Flow: 0.00
(147,167) Flow: 0.00
(147,168) Flow: 0.00
(147,187) Flow: 0.00
(148,108) Flow: 0.00
(148,127) Flow: 0.00
(148,128) Flow: 0.00
(148,129) Flow: 0.00
(148,146) Flow: 0.00
(148,147) Flow: 0.00
(148,149) Flow: 0.00
(148,150) Flow: 0.00
(148,167) Flow: 0.00
(148,168) Flow: 0.00
(148,169) Flow: 0.00
(148,188) Flow: 0.00
(149,109) Flow: 0.00
(149,128) Flow: 0.00
(149,129) Flow: 0.00
(149,130) Flow: 0.00
(149,147) Flow: 0.00
(149,148) Flow: 0.00
(149,150) Flow: 0.00
(149,151) Flow: 0.00
(149,168) Flow: 0.00
(149,169) Flow: 0.00
(149,170) Flow: 0.00
(149,189) Flow: 0.00
(150,110) Flow: 0.00
(150,129) Flow: 0.00
(150,130) Flow: 0.00
(150,131) Flow: 0.00
(150,148) Flow: 0.00
(150,149) Flow: 0.00
(150,151) Flow: 0.00
(150,152) Flow: 0.00
(150,169) Flow: 0.00
(150,170) Flow: 0.00
(150,171) Flow: 0.00
(150,190) Flow: 0.00
(151,111) Flow: 0.00
(151,130) Flow: 0.00
(151,131) Flow: 0.00
(151,132) Flow: 0.00
(151,149) Flow: 0.00
(151,150) Flow: 0.00
(151,152) Flow: 0.00
(151,153) Flow: 0.00
(151,170) Flow: 0.00
(151,171) Flow: 0.00
(151,172) Flow: 0.00
(151,191) Flow: 0.00
(152,112) Flow: 0.00
(152,131) Flow: 0.00
(152,132) Flow: 0.00
(152,133) Flow: 0.00
(152,150) Flow: 0.00
(152,151) Flow: 0.00
(152,153) Flow: 0.00
(152,154) Flow: 0.00
(152,171) Flow: 0.00
(152,172) Flow: 0.00
(152,173) Flow: 0.00
(152,192) Flow: 0.00
(153,113) Flow: 0.00
(153,132) Flow: 0.00
(153,133) Flow: 0.00
(153,134) Flow: 0.00
(153,151) Flow: 0.00
(153,152) Flow: 0.00
(153,154) Flow: 0.00
(153,155) Flow: 0.00
(153,172) Flow: 0.00
(153,173) Flow: 0.00
(153,174) Flow: 0.00
(153,193) Flow: 0.00
(160,120) Flow: -2.00
(160,140) Flow: 0.00
(160,141) Flow: 0.00
(160,161) Flow: 0.00
(160,180) Flow: 0.00
(160,181) Flow: 0.00
(160,200) Flow: 2.00
(154,114) Flow: 0.00
(154,133) Flow: 0.00
(154,134) Flow: 0.00
(154,135) Flow: 0.00
(154,152) Flow: 0.00
(154,153) Flow: 0.00
(154,155) Flow: 0.00
(154,156) Flow: 0.00
(154,173) Flow: 0.00
(154,174) Flow: 0.00
(154,175) Flow: 0.00
(154,194) Flow: 0.00
(161,121) Flow: -1.08
(161,140) Flow: 0.00
(161,141) Flow: -0.06
(161,142) Flow: 0.00
(161,160) Flow: 0.00
(161,163) Flow: 0.00
(161,180) Flow: 0.00
(161,181) Flow: 1.14
(155,115) Flow: 0.00
(155,134) Flow: 0.00
(155,135) Flow: 0.00
(155,136) Flow: 0.00
(155,153) Flow: 0.00
(155,154) Flow: 0.00
(155,156) Flow: 0.00
(155,157) Flow: 0.00
(155,174) Flow: 0.00
(155,175) Flow: 0.00
(155,176) Flow: 0.00
(155,195) Flow: 0.00
(156,116) Flow: 0.00
(156,135) Flow: 0.00
(156,136) Flow: 0.00
(156,137) Flow: 0.00
(156,154) Flow: 0.00
(156,155) Flow: 0.00
(156,157) Flow: 0.00
(156,158) Flow: 0.00
(156,175) Flow: 0.00
(156,176) Flow: 0.00
(156,177) Flow: 0.00
(156,196) Flow: 0.00
(163,123) Flow: 0.00
(163,142) Flow: 0.00
(163,143) Flow: 0.00
(163,144) Flow: 0.00
(163,161) Flow: 0.00
(163,164) Flow: 0.00
(163,165) Flow: 0.00
(163,184) Flow: 0.00
(157,136) Flow: 0.00
(157,137) Flow: 0.00
(157,138) Flow: 0.00
(157,155) Flow: 0.00
(157,156) Flow: 0.00
(157,158) Flow: 0.00
(157,159) Flow: 0.00
(157,176) Flow: 0.00
(157,177) Flow: 0.00
(157,178) Flow: 0.00
(157,197) Flow: 0.00
(164,124) Flow: 0.00
(164,143) Flow: -2.07
(164,144) Flow: 0.00
(164,145) Flow: 0.00
(164,163) Flow: 0.00
(164,165) Flow: 0.00
(164,166) Flow: 0.00
(164,184) Flow: 0.00
(164,185) Flow: 0.06
(164,204) Flow: 2.01
(158,137) Flow: 0.00
(158,138) Flow: 0.00
(158,139) Flow: 0.00
(158,156) Flow: 0.00
(158,157) Flow: 0.00
(158,159) Flow: 0.00
(158,177) Flow: 0.00
(158,178) Flow: 0.00
(158,179) Flow: 0.00
(158,198) Flow: 0.00
(165,125) Flow: 0.00
(165,144) Flow: 0.00
(165,145) Flow: 0.00
(165,146) Flow: 0.00
(165,163) Flow: 0.00
(165,164) Flow: 0.00
(165,166) Flow: 0.00
(165,167) Flow: 0.00
(165,184) Flow: 0.00
(165,185) Flow: 0.00
(165,186) Flow: 0.00
(165,205) Flow: 0.00
(159,138) Flow: 0.00
(159,139) Flow: 0.00
(159,157) Flow: 0.00
(159,158) Flow: 0.00
(159,178) Flow: 0.00
(159,179) Flow: 0.00
(159,199) Flow: 0.00
(166,126) Flow: 0.00
(166,145) Flow: 0.00
(166,146) Flow: 0.00
(166,147) Flow: 0.00
(166,164) Flow: 0.00
(166,165) Flow: 0.00
(166,167) Flow: 0.00
(166,168) Flow: 0.00
(166,185) Flow: 0.00
(166,186) Flow: 0.00
(166,187) Flow: 0.00
(166,206) Flow: 0.00
(167,127) Flow: 0.00
(167,146) Flow: 0.00
(167,147) Flow: 0.00
(167,148) Flow: 0.00
(167,165) Flow: 0.00
(167,166) Flow: 0.00
(167,168) Flow: 0.00
(167,169) Flow: 0.00
(167,186) Flow: 0.00
(167,187) Flow: 0.00
(167,188) Flow: 0.00
(167,207) Flow: 0.00
(168,128) Flow: 0.00
(168,147) Flow: 0.00
(168,148) Flow: 0.00
(168,149) Flow: 0.00
(168,166) Flow: 0.00
(168,167) Flow: 0.00
(168,169) Flow: 0.00
(168,170) Flow: 0.00
(168,187) Flow: 0.00
(168,188) Flow: 0.00
(168,189) Flow: 0.00
(168,208) Flow: 0.00
(169,129) Flow: 0.00
(169,148) Flow: 0.00
(169,149) Flow: 0.00
(169,150) Flow: 0.00
(169,167) Flow: 0.00
(169,168) Flow: 0.00
(169,170) Flow: 0.00
(169,171) Flow: 0.00
(169,188) Flow: 0.00
(169,189) Flow: 0.00
(169,190) Flow: 0.00
(170,130) Flow: 0.00
(170,149) Flow: 0.00
(170,150) Flow: 0.00
(170,151) Flow: 0.00
(170,168) Flow: 0.00
(170,169) Flow: 0.00
(170,171) Flow: 0.00
(170,172) Flow: 0.00
(170,189) Flow: 0.00
(170,190) Flow: 0.00
(170,191) Flow: 0.00
(170,210) Flow: 0.00
(171,131) Flow: 0.00
(171,150) Flow: 0.00
(171,151) Flow: 0.00
(171,152) Flow: 0.00
(171,169) Flow: 0.00
(171,170) Flow: 0.00
(171,172) Flow: 0.00
(171,173) Flow: 0.00
(171,190) Flow: 0.00
(171,191) Flow: 0.00
(171,192) Flow: 0.00
(171,211) Flow: 0.00
(172,132) Flow: 0.00
(172,151) Flow: 0.00
(172,152) Flow: 0.00
(172,153) Flow: 0.00
(172,170) Flow: 0.00
(172,171) Flow: 0.00
(172,173) Flow: 0.00
(172,174) Flow: 0.00
(172,191) Flow: 0.00
(172,192) Flow: 0.00
(172,193) Flow: 0.00
(172,212) Flow: 0.00
(173,133) Flow: 0.00
(173,152) Flow: 0.00
(173,153) Flow: 0.00
(173,154) Flow: 0.00
(173,171) Flow: 0.00
(173,172) Flow: 0.00
(173,174) Flow: 0.00
(173,175) Flow: 0.00
(173,192) Flow: 0.00
(173,193) Flow: 0.00
(173,194) Flow: 0.00
(173,213) Flow: 0.00
(180,140) Flow: -1.00
(180,160) Flow: 0.00
(180,161) Flow: 0.00
(180,181) Flow: 0.00
(180,200) Flow: 0.00
(180,220) Flow: 1.00
(174,134) Flow: 0.00
(174,153) Flow: 0.00
(174,154) Flow: 0.00
(174,155) Flow: 0.00
(174,172) Flow: 0.00
(174,173) Flow: 0.00
(174,175) Flow: 0.00
(174,176) Flow: 0.00
(174,193) Flow: 0.00
(174,194) Flow: 0.00
(174,195) Flow: 0.00
(174,214) Flow: 0.00
(181,141) Flow: -2.01
(181,160) Flow: 0.00
(181,161) Flow: -1.14
(181,180) Flow: 0.00
(181,200) Flow: 0.00
(181,221) Flow: 3.15
(175,135) Flow: 0.00
(175,154) Flow: 0.00
(175,155) Flow: 0.00
(175,156) Flow: 0.00
(175,173) Flow: 0.00
(175,174) Flow: 0.00
(175,176) Flow: 0.00
(175,177) Flow: 0.00
(175,194) Flow: 0.00
(175,195) Flow: 0.00
(175,196) Flow: 0.00
(175,215) Flow: 0.00
(176,136) Flow: 0.00
(176,155) Flow: 0.00
(176,156) Flow: 0.00
(176,157) Flow: 0.00
(176,174) Flow: 0.00
(176,175) Flow: 0.00
(176,177) Flow: 0.00
(176,178) Flow: 0.00
(176,195) Flow: 0.00
(176,196) Flow: 0.00
(176,197) Flow: 0.00
(176,216) Flow: 0.00
(177,137) Flow: 0.00
(177,156) Flow: 0.00
(177,157) Flow: 0.00
(177,158) Flow: 0.00
(177,175) Flow: 0.00
(177,176) Flow: 0.00
(177,178) Flow: 0.00
(177,179) Flow: 0.00
(177,196) Flow: 0.00
(177,197) Flow: 0.00
(177,198) Flow: 0.00
(177,217) Flow: 0.00
(184,144) Flow: 0.00
(184,163) Flow: 0.00
(184,164) Flow: 0.00
(184,165) Flow: 0.00
(184,185) Flow: 0.00
(184,186) Flow: 0.00
(184,204) Flow: 0.00
(184,205) Flow: 0.00
(184,224) Flow: 0.00
(178,138) Flow: 0.00
(178,157) Flow: 0.00
(178,158) Flow: 0.00
(178,159) Flow: 0.00
(178,176) Flow: 0.00
(178,177) Flow: 0.00
(178,179) Flow: 0.00
(178,197) Flow: 0.00
(178,198) Flow: 0.00
(178,199) Flow: 0.00
(178,218) Flow: 0.00
(185,145) Flow: 0.00
(185,164) Flow: -0.06
(185,165) Flow: 0.00
(185,166) Flow: 0.00
(185,184) Flow: 0.00
(185,186) Flow: 0.00
(185,187) Flow: 0.00
(185,204) Flow: 0.00
(185,205) Flow: 0.00
(185,206) Flow: 0.00
(185,225) Flow: 0.06
(179,139) Flow: 0.00
(179,158) Flow: 0.00
(179,159) Flow: 0.00
(179,177) Flow: 0.00
(179,178) Flow: 0.00
(179,198) Flow: 0.00
(179,199) Flow: 0.00
(179,219) Flow: 0.00
(186,146) Flow: 0.00
(186,165) Flow: 0.00
(186,166) Flow: 0.00
(186,167) Flow: 0.00
(186,184) Flow: 0.00
(186,185) Flow: 0.00
(186,187) Flow: 0.00
(186,188) Flow: 0.00
(186,205) Flow: 0.00
(186,206) Flow: 0.00
(186,207) Flow: 0.00
(186,226) Flow: 0.00
(187,147) Flow: 0.00
(187,166) Flow: 0.00
(187,167) Flow: 0.00
(187,168) Flow: 0.00
(187,185) Flow: 0.00
(187,186) Flow: 0.00
(187,188) Flow: 0.00
(187,189) Flow: 0.00
(187,206) Flow: 0.00
(187,207) Flow: 0.00
(187,208) Flow: 0.00
(187,227) Flow: 0.00
(188,148) Flow: 0.00
(188,167) Flow: 0.00
(188,168) Flow: 0.00
(188,169) Flow: 0.00
(188,186) Flow: 0.00
(188,187) Flow: 0.00
(188,189) Flow: 0.00
(188,190) Flow: 0.00
(188,207) Flow: 0.00
(188,208) Flow: 0.00
(188,228) Flow: 0.00
(189,149) Flow: 0.00
(189,168) Flow: 0.00
(189,169) Flow: 0.00
(189,170) Flow: 0.00
(189,187) Flow: 0.00
(189,188) Flow: 0.00
(189,190) Flow: 0.00
(189,191) Flow: 0.00
(189,208) Flow: 0.00
(189,210) Flow: 0.00
(190,150) Flow: 0.00
(190,169) Flow: 0.00
(190,170) Flow: 0.00
(190,171) Flow: 0.00
(190,188) Flow: 0.00
(190,189) Flow: 0.00
(190,191) Flow: 0.00
(190,192) Flow: 0.00
(190,210) Flow: 0.00
(190,211) Flow: 0.00
(190,230) Flow: 0.00
(191,151) Flow: 0.00
(191,170) Flow: 0.00
(191,171) Flow: 0.00
(191,172) Flow: 0.00
(191,189) Flow: 0.00
(191,190) Flow: 0.00
(191,192) Flow: 0.00
(191,193) Flow: 0.00
(191,210) Flow: 0.00
(191,211) Flow: 0.00
(191,212) Flow: 0.00
(191,231) Flow: 0.00
(192,152) Flow: 0.00
(192,171) Flow: 0.00
(192,172) Flow: 0.00
(192,173) Flow: 0.00
(192,190) Flow: 0.00
(192,191) Flow: 0.00
(192,193) Flow: 0.00
(192,194) Flow: 0.00
(192,211) Flow: 0.00
(192,212) Flow: 0.00
(192,213) Flow: 0.00
(192,232) Flow: 0.00
(193,153) Flow: 0.00
(193,172) Flow: 0.00
(193,173) Flow: 0.00
(193,174) Flow: 0.00
(193,191) Flow: 0.00
(193,192) Flow: 0.00
(193,194) Flow: 0.00
(193,195) Flow: 0.00
(193,212) Flow: 0.00
(193,213) Flow: 0.00
(193,214) Flow: 0.00
(193,233) Flow: 0.00
(200,160) Flow: -2.00
(200,180) Flow: 0.00
(200,181) Flow: 0.00
(200,220) Flow: 0.00
(200,221) Flow: 0.00
(200,240) Flow: 2.00
(194,154) Flow: 0.00
(194,173) Flow: 0.00
(194,174) Flow: 0.00
(194,175) Flow: 0.00
(194,192) Flow: 0.00
(194,193) Flow: 0.00
(194,195) Flow: 0.00
(194,196) Flow: 0.00
(194,213) Flow: 0.00
(194,214) Flow: 0.00
(194,215) Flow: 0.00
(194,234) Flow: 0.00
(195,155) Flow: 0.00
(195,174) Flow: 0.00
(195,175) Flow: 0.00
(195,176) Flow: 0.00
(195,193) Flow: 0.00
(195,194) Flow: 0.00
(195,196) Flow: 0.00
(195,197) Flow: 0.00
(195,214) Flow: 0.00
(195,215) Flow: 0.00
(195,216) Flow: 0.00
(196,156) Flow: 0.00
(196,175) Flow: 0.00
(196,176) Flow: 0.00
(196,177) Flow: 0.00
(196,194) Flow: 0.00
(196,195) Flow: 0.00
(196,197) Flow: 0.00
(196,198) Flow: 0.00
(196,215) Flow: 0.00
(196,216) Flow: 0.00
(196,217) Flow: 0.00
(196,236) Flow: 0.00
(197,157) Flow: 0.00
(197,176) Flow: 0.00
(197,177) Flow: 0.00
(197,178) Flow: 0.00
(197,195) Flow: 0.00
(197,196) Flow: 0.00
(197,198) Flow: 0.00
(197,199) Flow: 0.00
(197,216) Flow: 0.00
(197,217) Flow: 0.00
(197,218) Flow: 0.00
(197,237) Flow: 0.00
(204,164) Flow: -2.01
(204,184) Flow: 0.00
(204,185) Flow: 0.00
(204,205) Flow: 0.00
(204,206) Flow: 0.00
(204,223) Flow: 0.00
(204,224) Flow: 0.00
(204,225) Flow: 2.01
(198,158) Flow: 0.00
(198,177) Flow: 0.00
(198,178) Flow: 0.00
(198,179) Flow: 0.00
(198,196) Flow: 0.00
(198,197) Flow: 0.00
(198,199) Flow: 0.00
(198,217) Flow: 0.00
(198,218) Flow: 0.00
(198,219) Flow: 0.00
(198,238) Flow: 0.00
(205,165) Flow: 0.00
(205,184) Flow: 0.00
(205,185) Flow: 0.00
(205,186) Flow: 0.00
(205,204) Flow: 0.00
(205,206) Flow: 0.00
(205,207) Flow: 0.00
(205,224) Flow: 0.00
(205,225) Flow: 0.00
(205,226) Flow: 0.00
(205,245) Flow: 0.00
(199,159) Flow: 0.00
(199,178) Flow: 0.00
(199,179) Flow: 0.00
(199,197) Flow: 0.00
(199,198) Flow: 0.00
(199,218) Flow: 0.00
(199,219) Flow: 0.00
(199,239) Flow: 0.00
(206,166) Flow: 0.00
(206,185) Flow: 0.00
(206,186) Flow: 0.00
(206,187) Flow: 0.00
(206,204) Flow: 0.00
(206,205) Flow: 0.00
(206,207) Flow: 0.00
(206,208) Flow: 0.00
(206,225) Flow: 0.00
(206,226) Flow: 0.00
(206,227) Flow: 0.00
(206,246) Flow: 0.00
(207,167) Flow: 0.00
(207,186) Flow: 0.00
(207,187) Flow: 0.00
(207,188) Flow: 0.00
(207,205) Flow: 0.00
(207,206) Flow: 0.00
(207,208) Flow: 0.00
(207,226) Flow: 0.00
(207,227) Flow: 0.00
(207,228) Flow: 0.00
(207,247) Flow: 0.00
(208,168) Flow: 0.00
(208,187) Flow: 0.00
(208,188) Flow: 0.00
(208,189) Flow: 0.00
(208,206) Flow: 0.00
(208,207) Flow: 0.00
(208,210) Flow: 0.00
(208,227) Flow: 0.00
(208,228) Flow: 0.00
(208,248) Flow: 0.00
(210,170) Flow: 0.00
(210,189) Flow: 0.00
(210,190) Flow: 0.00
(210,191) Flow: 0.00
(210,208) Flow: 0.00
(210,211) Flow: 0.00
(210,212) Flow: 0.00
(210,230) Flow: 0.00
(210,231) Flow: 0.00
(210,250) Flow: 0.00
(211,171) Flow: 0.00
(211,190) Flow: 0.00
(211,191) Flow: 0.00
(211,192) Flow: 0.00
(211,210) Flow: 0.00
(211,212) Flow: 0.00
(211,213) Flow: 0.00
(211,230) Flow: 0.00
(211,231) Flow: 0.00
(211,232) Flow: 0.00
(211,251) Flow: 0.00
(212,172) Flow: 0.00
(212,191) Flow: 0.00
(212,192) Flow: 0.00
(212,193) Flow: 0.00
(212,210) Flow: 0.00
(212,211) Flow: 0.00
(212,213) Flow: 0.00
(212,214) Flow: 0.00
(212,231) Flow: 0.00
(212,232) Flow: 0.00
(212,233) Flow: 0.00
(212,252) Flow: 0.00
(213,173) Flow: 0.00
(213,192) Flow: 0.00
(213,193) Flow: 0.00
(213,194) Flow: 0.00
(213,211) Flow: 0.00
(213,212) Flow: 0.00
(213,214) Flow: 0.00
(213,215) Flow: 0.00
(213,232) Flow: 0.00
(213,233) Flow: 0.00
(213,234) Flow: 0.00
(213,253) Flow: 0.00
(220,180) Flow: -1.00
(220,200) Flow: 0.00
(220,221) Flow: 0.00
(220,222) Flow: 0.00
(220,240) Flow: 0.00
(220,241) Flow: 0.00
(220,260) Flow: 1.00
(214,174) Flow: 0.00
(214,193) Flow: 0.00
(214,194) Flow: 0.00
(214,195) Flow: 0.00
(214,212) Flow: 0.00
(214,213) Flow: 0.00
(214,215) Flow: 0.00
(214,216) Flow: 0.00
(214,233) Flow: 0.00
(214,234) Flow: 0.00
(214,254) Flow: 0.00
(221,181) Flow: -3.15
(221,200) Flow: 0.00
(221,220) Flow: 0.00
(221,222) Flow: 0.00
(221,223) Flow: 0.00
(221,240) Flow: 0.00
(221,241) Flow: 0.00
(221,242) Flow: 1.06
(221,261) Flow: 2.09
(215,175) Flow: 0.00
(215,194) Flow: 0.00
(215,195) Flow: 0.00
(215,196) Flow: 0.00
(215,213) Flow: 0.00
(215,214) Flow: 0.00
(215,216) Flow: 0.00
(215,217) Flow: 0.00
(215,234) Flow: 0.00
(215,236) Flow: 0.00
(215,255) Flow: 0.00
(222,220) Flow: 0.00
(222,221) Flow: 0.00
(222,223) Flow: 0.00
(222,224) Flow: 0.00
(222,241) Flow: 0.00
(222,242) Flow: 0.00
(222,262) Flow: 0.00
(216,176) Flow: 0.00
(216,195) Flow: 0.00
(216,196) Flow: 0.00
(216,197) Flow: 0.00
(216,214) Flow: 0.00
(216,215) Flow: 0.00
(216,217) Flow: 0.00
(216,218) Flow: 0.00
(216,236) Flow: 0.00
(216,237) Flow: 0.00
(216,256) Flow: 0.00
(223,204) Flow: 0.00
(223,221) Flow: 0.00
(223,222) Flow: 0.00
(223,224) Flow: 0.00
(223,225) Flow: 0.00
(223,242) Flow: 0.00
(217,177) Flow: 0.00
(217,196) Flow: 0.00
(217,197) Flow: 0.00
(217,198) Flow: 0.00
(217,215) Flow: 0.00
(217,216) Flow: 0.00
(217,218) Flow: 0.00
(217,219) Flow: 0.00
(217,236) Flow: 0.00
(217,237) Flow: 0.00
(217,238) Flow: 0.00
(217,257) Flow: 0.00
(224,184) Flow: 0.00
(224,204) Flow: 0.00
(224,205) Flow: 0.00
(224,222) Flow: 0.00
(224,223) Flow: 0.00
(224,225) Flow: 0.00
(224,226) Flow: 0.00
(224,245) Flow: 0.00
(224,264) Flow: 0.00
(218,178) Flow: 0.00
(218,197) Flow: 0.00
(218,198) Flow: 0.00
(218,199) Flow: 0.00
(218,216) Flow: 0.00
(218,217) Flow: 0.00
(218,219) Flow: 0.00
(218,237) Flow: 0.00
(218,238) Flow: 0.00
(218,239) Flow: 0.00
(218,258) Flow: 0.00
(225,185) Flow: -0.06
(225,204) Flow: -2.01
(225,205) Flow: 0.00
(225,206) Flow: 0.00
(225,223) Flow: 0.00
(225,224) Flow: 0.00
(225,226) Flow: 0.00
(225,227) Flow: 0.00
(225,245) Flow: 0.00
(225,246) Flow: 0.00
(225,265) Flow: 2.07
(219,179) Flow: 0.00
(219,198) Flow: 0.00
(219,199) Flow: 0.00
(219,217) Flow: 0.00
(219,218) Flow: 0.00
(219,238) Flow: 0.00
(219,239) Flow: 0.00
(219,259) Flow: 0.00
(226,186) Flow: 0.00
(226,205) Flow: 0.00
(226,206) Flow: 0.00
(226,207) Flow: 0.00
(226,224) Flow: 0.00
(226,225) Flow: 0.00
(226,227) Flow: 0.00
(226,228) Flow: 0.00
(226,245) Flow: 0.00
(226,246) Flow: 0.00
(226,247) Flow: 0.00
(226,266) Flow: 0.00
(227,187) Flow: 0.00
(227,206) Flow: 0.00
(227,207) Flow: 0.00
(227,208) Flow: 0.00
(227,225) Flow: 0.00
(227,226) Flow: 0.00
(227,228) Flow: 0.00
(227,246) Flow: 0.00
(227,247) Flow: 0.00
(227,248) Flow: 0.00
(227,267) Flow: 0.00
(228,188) Flow: 0.00
(228,207) Flow: 0.00
(228,208) Flow: 0.00
(228,226) Flow: 0.00
(228,227) Flow: 0.00
(228,230) Flow: 0.00
(228,247) Flow: 0.00
(228,248) Flow: 0.00
(228,249) Flow: 0.00
(228,268) Flow: 0.00
(230,190) Flow: 0.00
(230,210) Flow: 0.00
(230,211) Flow: 0.00
(230,228) Flow: 0.00
(230,231) Flow: 0.00
(230,232) Flow: 0.00
(230,249) Flow: 0.00
(230,250) Flow: 0.00
(230,251) Flow: 0.00
(230,270) Flow: 0.00
(231,191) Flow: 0.00
(231,210) Flow: 0.00
(231,211) Flow: 0.00
(231,212) Flow: 0.00
(231,230) Flow: 0.00
(231,232) Flow: 0.00
(231,233) Flow: 0.00
(231,250) Flow: 0.00
(231,251) Flow: 0.00
(231,252) Flow: 0.00
(231,271) Flow: 0.00
(232,192) Flow: 0.00
(232,211) Flow: 0.00
(232,212) Flow: 0.00
(232,213) Flow: 0.00
(232,230) Flow: 0.00
(232,231) Flow: 0.00
(232,233) Flow: 0.00
(232,234) Flow: 0.00
(232,251) Flow: 0.00
(232,252) Flow: 0.00
(232,253) Flow: 0.00
(232,272) Flow: 0.00
(233,193) Flow: 0.00
(233,212) Flow: 0.00
(233,213) Flow: 0.00
(233,214) Flow: 0.00
(233,231) Flow: 0.00
(233,232) Flow: 0.00
(233,234) Flow: 0.00
(233,252) Flow: 0.00
(233,253) Flow: 0.00
(233,254) Flow: 0.00
(233,273) Flow: 0.00
(240,200) Flow: -2.00
(240,220) Flow: 0.00
(240,221) Flow: 0.00
(240,241) Flow: 0.00
(240,242) Flow: 0.00
(240,260) Flow: 0.00
(240,261) Flow: 0.00
(240,280) Flow: 2.00
(234,194) Flow: 0.00
(234,213) Flow: 0.00
(234,214) Flow: 0.00
(234,215) Flow: 0.00
(234,232) Flow: 0.00
(234,233) Flow: 0.00
(234,236) Flow: 0.00
(234,253) Flow: 0.00
(234,254) Flow: 0.00
(234,255) Flow: 0.00
(234,274) Flow: 0.00
(241,220) Flow: 0.00
(241,221) Flow: 0.00
(241,222) Flow: 0.00
(241,240) Flow: 0.00
(241,242) Flow: 0.00
(241,260) Flow: 0.00
(241,261) Flow: 0.00
(241,262) Flow: 0.00
(241,281) Flow: 0.00
(242,221) Flow: -1.06
(242,222) Flow: 0.00
(242,223) Flow: 0.00
(242,240) Flow: 0.00
(242,241) Flow: 0.00
(242,261) Flow: 0.00
(242,262) Flow: 0.00
(242,282) Flow: 1.06
(236,196) Flow: 0.00
(236,215) Flow: 0.00
(236,216) Flow: 0.00
(236,217) Flow: 0.00
(236,234) Flow: 0.00
(236,237) Flow: 0.00
(236,238) Flow: 0.00
(236,255) Flow: 0.00
(236,256) Flow: 0.00
(236,257) Flow: 0.00
(236,276) Flow: 0.00
(237,197) Flow: 0.00
(237,216) Flow: 0.00
(237,217) Flow: 0.00
(237,218) Flow: 0.00
(237,236) Flow: 0.00
(237,238) Flow: 0.00
(237,239) Flow: 0.00
(237,256) Flow: 0.00
(237,257) Flow: 0.00
(237,258) Flow: 0.00
(237,277) Flow: 0.00
(238,198) Flow: 0.00
(238,217) Flow: 0.00
(238,218) Flow: 0.00
(238,219) Flow: 0.00
(238,236) Flow: 0.00
(238,237) Flow: 0.00
(238,239) Flow: 0.00
(238,257) Flow: 0.00
(238,258) Flow: 0.00
(238,259) Flow: 0.00
(238,278) Flow: 0.00
(245,205) Flow: 0.00
(245,224) Flow: 0.00
(245,225) Flow: 0.00
(245,226) Flow: 0.00
(245,246) Flow: 0.00
(245,247) Flow: 0.00
(245,264) Flow: 0.00
(245,265) Flow: 0.00
(245,266) Flow: 0.00
(245,285) Flow: 0.00
(239,199) Flow: 0.00
(239,218) Flow: 0.00
(239,219) Flow: 0.00
(239,237) Flow: 0.00
(239,238) Flow: 0.00
(239,258) Flow: 0.00
(239,259) Flow: 0.00
(239,279) Flow: 0.00
(246,206) Flow: 0.00
(246,225) Flow: 0.00
(246,226) Flow: 0.00
(246,227) Flow: 0.00
(246,245) Flow: 0.00
(246,247) Flow: 0.00
(246,248) Flow: 0.00
(246,265) Flow: 0.00
(246,266) Flow: 0.00
(246,267) Flow: 0.00
(246,286) Flow: 0.00
(247,207) Flow: 0.00
(247,226) Flow: 0.00
(247,227) Flow: 0.00
(247,228) Flow: 0.00
(247,245) Flow: 0.00
(247,246) Flow: 0.00
(247,248) Flow: 0.00
(247,249) Flow: 0.00
(247,266) Flow: 0.00
(247,267) Flow: 0.00
(247,268) Flow: 0.00
(247,287) Flow: 0.00
(248,208) Flow: 0.00
(248,227) Flow: 0.00
(248,228) Flow: 0.00
(248,246) Flow: 0.00
(248,247) Flow: 0.00
(248,249) Flow: 0.00
(248,250) Flow: 0.00
(248,267) Flow: 0.00
(248,268) Flow: 0.00
(248,269) Flow: 0.00
(248,288) Flow: 0.00
(249,228) Flow: 0.00
(249,230) Flow: 0.00
(249,247) Flow: 0.00
(249,248) Flow: 0.00
(249,250) Flow: 0.00
(249,251) Flow: 0.00
(249,268) Flow: 0.00
(249,269) Flow: 0.00
(249,270) Flow: 0.00
(249,289) Flow: 0.00
(250,210) Flow: 0.00
(250,230) Flow: 0.00
(250,231) Flow: 0.00
(250,248) Flow: 0.00
(250,249) Flow: 0.00
(250,251) Flow: 0.00
(250,252) Flow: 0.00
(250,269) Flow: 0.00
(250,270) Flow: 0.00
(250,271) Flow: 0.00
(250,290) Flow: 0.00
(251,211) Flow: 0.00
(251,230) Flow: 0.00
(251,231) Flow: 0.00
(251,232) Flow: 0.00
(251,249) Flow: 0.00
(251,250) Flow: 0.00
(251,252) Flow: 0.00
(251,253) Flow: 0.00
(251,270) Flow: 0.00
(251,271) Flow: 0.00
(251,272) Flow: 0.00
(251,291) Flow: 0.00
(252,212) Flow: 0.00
(252,231) Flow: 0.00
(252,232) Flow: 0.00
(252,233) Flow: 0.00
(252,250) Flow: 0.00
(252,251) Flow: 0.00
(252,253) Flow: 0.00
(252,254) Flow: 0.00
(252,271) Flow: 0.00
(252,272) Flow: 0.00
(252,273) Flow: 0.00
(253,213) Flow: 0.00
(253,232) Flow: 0.00
(253,233) Flow: 0.00
(253,234) Flow: 0.00
(253,251) Flow: 0.00
(253,252) Flow: 0.00
(253,254) Flow: 0.00
(253,255) Flow: 0.00
(253,272) Flow: 0.00
(253,273) Flow: 0.00
(253,274) Flow: 0.00
(260,220) Flow: -1.00
(260,240) Flow: 0.00
(260,241) Flow: 0.00
(260,261) Flow: 0.00
(260,262) Flow: 0.00
(260,280) Flow: 0.00
(260,281) Flow: 0.00
(260,300) Flow: 1.00
(254,214) Flow: 0.00
(254,233) Flow: 0.00
(254,234) Flow: 0.00
(254,252) Flow: 0.00
(254,253) Flow: 0.00
(254,255) Flow: 0.00
(254,256) Flow: 0.00
(254,273) Flow: 0.00
(254,274) Flow: 0.00
(254,275) Flow: 0.00
(254,294) Flow: 0.00
(261,221) Flow: -2.09
(261,240) Flow: 0.00
(261,241) Flow: 0.00
(261,242) Flow: 0.00
(261,260) Flow: 0.00
(261,262) Flow: 0.00
(261,280) Flow: 0.00
(261,281) Flow: 0.00
(261,282) Flow: 0.00
(261,301) Flow: 2.09
(255,215) Flow: 0.00
(255,234) Flow: 0.00
(255,236) Flow: 0.00
(255,253) Flow: 0.00
(255,254) Flow: 0.00
(255,256) Flow: 0.00
(255,257) Flow: 0.00
(255,274) Flow: 0.00
(255,275) Flow: 0.00
(255,276) Flow: 0.00
(255,295) Flow: 0.00
(262,222) Flow: 0.00
(262,241) Flow: 0.00
(262,242) Flow: 0.00
(262,260) Flow: 0.00
(262,261) Flow: 0.00
(262,264) Flow: 0.00
(262,281) Flow: 0.00
(262,282) Flow: 0.00
(262,283) Flow: 0.00
(262,302) Flow: 0.00
(256,216) Flow: 0.00
(256,236) Flow: 0.00
(256,237) Flow: 0.00
(256,254) Flow: 0.00
(256,255) Flow: 0.00
(256,257) Flow: 0.00
(256,258) Flow: 0.00
(256,275) Flow: 0.00
(256,276) Flow: 0.00
(256,277) Flow: 0.00
(256,296) Flow: 0.00
(257,217) Flow: 0.00
(257,236) Flow: 0.00
(257,237) Flow: 0.00
(257,238) Flow: 0.00
(257,255) Flow: 0.00
(257,256) Flow: 0.00
(257,258) Flow: 0.00
(257,259) Flow: 0.00
(257,276) Flow: 0.00
(257,277) Flow: 0.00
(257,278) Flow: 0.00
(257,297) Flow: 0.00
(264,224) Flow: 0.00
(264,245) Flow: 0.00
(264,262) Flow: 0.00
(264,265) Flow: 0.00
(264,266) Flow: 0.00
(264,283) Flow: 0.00
(264,284) Flow: 0.00
(264,285) Flow: 0.00
(264,304) Flow: 0.00
(258,218) Flow: 0.00
(258,237) Flow: 0.00
(258,238) Flow: 0.00
(258,239) Flow: 0.00
(258,256) Flow: 0.00
(258,257) Flow: 0.00
(258,259) Flow: 0.00
(258,277) Flow: 0.00
(258,278) Flow: 0.00
(258,279) Flow: 0.00
(265,225) Flow: -2.07
(265,245) Flow: 0.00
(265,246) Flow: 0.00
(265,264) Flow: 0.00
(265,266) Flow: 0.00
(265,267) Flow: 0.00
(265,284) Flow: 0.00
(265,285) Flow: 0.00
(265,286) Flow: 0.00
(265,305) Flow: 2.07
(259,219) Flow: 0.00
(259,238) Flow: 0.00
(259,239) Flow: 0.00
(259,257) Flow: 0.00
(259,258) Flow: 0.00
(259,278) Flow: 0.00
(259,279) Flow: 0.00
(259,299) Flow: 0.00
(266,226) Flow: 0.00
(266,245) Flow: 0.00
(266,246) Flow: 0.00
(266,247) Flow: 0.00
(266,264) Flow: 0.00
(266,265) Flow: 0.00
(266,267) Flow: 0.00
(266,268) Flow: 0.00
(266,285) Flow: 0.00
(266,286) Flow: 0.00
(266,287) Flow: 0.00
(266,306) Flow: 0.00
(267,227) Flow: 0.00
(267,246) Flow: 0.00
(267,247) Flow: 0.00
(267,248) Flow: 0.00
(267,265) Flow: 0.00
(267,266) Flow: 0.00
(267,268) Flow: 0.00
(267,269) Flow: 0.00
(267,286) Flow: 0.00
(267,287) Flow: 0.00
(267,288) Flow: 0.00
(267,307) Flow: 0.00
(268,228) Flow: 0.00
(268,247) Flow: 0.00
(268,248) Flow: 0.00
(268,249) Flow: 0.00
(268,266) Flow: 0.00
(268,267) Flow: 0.00
(268,269) Flow: 0.00
(268,270) Flow: 0.00
(268,287) Flow: 0.00
(268,288) Flow: 0.00
(268,289) Flow: 0.00
(268,308) Flow: 0.00
(269,248) Flow: 0.00
(269,249) Flow: 0.00
(269,250) Flow: 0.00
(269,267) Flow: 0.00
(269,268) Flow: 0.00
(269,270) Flow: 0.00
(269,271) Flow: 0.00
(269,288) Flow: 0.00
(269,289) Flow: 0.00
(269,290) Flow: 0.00
(269,309) Flow: 0.00
(270,230) Flow: 0.00
(270,249) Flow: 0.00
(270,250) Flow: 0.00
(270,251) Flow: 0.00
(270,268) Flow: 0.00
(270,269) Flow: 0.00
(270,271) Flow: 0.00
(270,272) Flow: 0.00
(270,289) Flow: 0.00
(270,290) Flow: 0.00
(270,291) Flow: 0.00
(270,310) Flow: 0.00
(271,231) Flow: 0.00
(271,250) Flow: 0.00
(271,251) Flow: 0.00
(271,252) Flow: 0.00
(271,269) Flow: 0.00
(271,270) Flow: 0.00
(271,272) Flow: 0.00
(271,273) Flow: 0.00
(271,290) Flow: 0.00
(271,291) Flow: 0.00
(271,311) Flow: 0.00
(272,232) Flow: 0.00
(272,251) Flow: 0.00
(272,252) Flow: 0.00
(272,253) Flow: 0.00
(272,270) Flow: 0.00
(272,271) Flow: 0.00
(272,273) Flow: 0.00
(272,274) Flow: 0.00
(272,291) Flow: 0.00
(272,312) Flow: 0.00
(273,233) Flow: 0.00
(273,252) Flow: 0.00
(273,253) Flow: 0.00
(273,254) Flow: 0.00
(273,271) Flow: 0.00
(273,272) Flow: 0.00
(273,274) Flow: 0.00
(273,275) Flow: 0.00
(273,294) Flow: 0.00
(273,313) Flow: 0.00
(280,240) Flow: -2.00
(280,260) Flow: 0.00
(280,261) Flow: 0.00
(280,281) Flow: 0.00
(280,282) Flow: 0.00
(280,300) Flow: 0.00
(280,301) Flow: 0.00
(280,320) Flow: 2.00
(274,234) Flow: 0.00
(274,253) Flow: 0.00
(274,254) Flow: 0.00
(274,255) Flow: 0.00
(274,272) Flow: 0.00
(274,273) Flow: 0.00
(274,275) Flow: 0.00
(274,276) Flow: 0.00
(274,294) Flow: 0.00
(274,295) Flow: 0.00
(274,314) Flow: 0.00
(281,241) Flow: 0.00
(281,260) Flow: 0.00
(281,261) Flow: 0.00
(281,262) Flow: 0.00
(281,280) Flow: 0.00
(281,282) Flow: 0.00
(281,283) Flow: 0.00
(281,300) Flow: 0.00
(281,301) Flow: 0.00
(281,302) Flow: 0.00
(281,321) Flow: 0.00
(275,254) Flow: 0.00
(275,255) Flow: 0.00
(275,256) Flow: 0.00
(275,273) Flow: 0.00
(275,274) Flow: 0.00
(275,276) Flow: 0.00
(275,277) Flow: 0.00
(275,294) Flow: 0.00
(275,295) Flow: 0.00
(275,296) Flow: 0.00
(275,315) Flow: 0.00
(282,242) Flow: -1.06
(282,261) Flow: 0.00
(282,262) Flow: 0.00
(282,280) Flow: 0.00
(282,281) Flow: 0.00
(282,283) Flow: 0.00
(282,284) Flow: 0.00
(282,301) Flow: 0.00
(282,302) Flow: 0.00
(282,303) Flow: 0.00
(282,322) Flow: 1.06
(276,236) Flow: 0.00
(276,255) Flow: 0.00
(276,256) Flow: 0.00
(276,257) Flow: 0.00
(276,274) Flow: 0.00
(276,275) Flow: 0.00
(276,277) Flow: 0.00
(276,278) Flow: 0.00
(276,295) Flow: 0.00
(276,296) Flow: 0.00
(276,297) Flow: 0.00
(276,316) Flow: 0.00
(283,262) Flow: 0.00
(283,264) Flow: 0.00
(283,281) Flow: 0.00
(283,282) Flow: 0.00
(283,284) Flow: 0.00
(283,285) Flow: 0.00
(283,302) Flow: 0.00
(283,303) Flow: 0.00
(283,304) Flow: 0.00
(283,323) Flow: 0.00
(277,237) Flow: 0.00
(277,256) Flow: 0.00
(277,257) Flow: 0.00
(277,258) Flow: 0.00
(277,275) Flow: 0.00
(277,276) Flow: 0.00
(277,278) Flow: 0.00
(277,279) Flow: 0.00
(277,296) Flow: 0.00
(277,297) Flow: 0.00
(277,317) Flow: 0.00
(284,264) Flow: 0.00
(284,265) Flow: 0.00
(284,282) Flow: 0.00
(284,283) Flow: 0.00
(284,285) Flow: 0.00
(284,286) Flow: 0.00
(284,303) Flow: 0.00
(284,304) Flow: 0.00
(284,305) Flow: 0.00
(284,324) Flow: 0.00
(278,238) Flow: 0.00
(278,257) Flow: 0.00
(278,258) Flow: 0.00
(278,259) Flow: 0.00
(278,276) Flow: 0.00
(278,277) Flow: 0.00
(278,279) Flow: 0.00
(278,297) Flow: 0.00
(278,299) Flow: 0.00
(278,318) Flow: 0.00
(285,245) Flow: 0.00
(285,264) Flow: 0.00
(285,265) Flow: 0.00
(285,266) Flow: 0.00
(285,283) Flow: 0.00
(285,284) Flow: 0.00
(285,286) Flow: 0.00
(285,287) Flow: 0.00
(285,304) Flow: 0.00
(285,305) Flow: 0.00
(285,306) Flow: 0.00
(285,325) Flow: 0.00
(279,239) Flow: 0.00
(279,258) Flow: 0.00
(279,259) Flow: 0.00
(279,277) Flow: 0.00
(279,278) Flow: 0.00
(279,299) Flow: 0.00
(279,319) Flow: 0.00
(286,246) Flow: 0.00
(286,265) Flow: 0.00
(286,266) Flow: 0.00
(286,267) Flow: 0.00
(286,284) Flow: 0.00
(286,285) Flow: 0.00
(286,287) Flow: 0.00
(286,288) Flow: 0.00
(286,305) Flow: 0.00
(286,306) Flow: 0.00
(286,307) Flow: 0.00
(286,326) Flow: 0.00
(287,247) Flow: 0.00
(287,266) Flow: 0.00
(287,267) Flow: 0.00
(287,268) Flow: 0.00
(287,285) Flow: 0.00
(287,286) Flow: 0.00
(287,288) Flow: 0.00
(287,289) Flow: 0.00
(287,306) Flow: 0.00
(287,307) Flow: 0.00
(287,308) Flow: 0.00
(287,327) Flow: 0.00
(288,248) Flow: 0.00
(288,267) Flow: 0.00
(288,268) Flow: 0.00
(288,269) Flow: 0.00
(288,286) Flow: 0.00
(288,287) Flow: 0.00
(288,289) Flow: 0.00
(288,290) Flow: 0.00
(288,307) Flow: 0.00
(288,308) Flow: 0.00
(288,309) Flow: 0.00
(288,328) Flow: 0.00
(289,249) Flow: 0.00
(289,268) Flow: 0.00
(289,269) Flow: 0.00
(289,270) Flow: 0.00
(289,287) Flow: 0.00
(289,288) Flow: 0.00
(289,290) Flow: 0.00
(289,291) Flow: 0.00
(289,308) Flow: 0.00
(289,309) Flow: 0.00
(289,310) Flow: 0.00
(289,329) Flow: 0.00
(290,250) Flow: 0.00
(290,269) Flow: 0.00
(290,270) Flow: 0.00
(290,271) Flow: 0.00
(290,288) Flow: 0.00
(290,289) Flow: 0.00
(290,291) Flow: 0.00
(290,309) Flow: 0.00
(290,310) Flow: 0.00
(290,311) Flow: 0.00
(290,330) Flow: 0.00
(291,251) Flow: 0.00
(291,270) Flow: 0.00
(291,271) Flow: 0.00
(291,272) Flow: 0.00
(291,289) Flow: 0.00
(291,290) Flow: 0.00
(291,310) Flow: 0.00
(291,311) Flow: 0.00
(291,312) Flow: 0.00
(300,260) Flow: -1.00
(300,280) Flow: 0.00
(300,281) Flow: 0.00
(300,301) Flow: 0.00
(300,302) Flow: 0.00
(300,320) Flow: 0.00
(300,321) Flow: 0.00
(300,340) Flow: 1.00
(294,254) Flow: 0.00
(294,273) Flow: 0.00
(294,274) Flow: 0.00
(294,275) Flow: 0.00
(294,295) Flow: 0.00
(294,296) Flow: 0.00
(294,313) Flow: 0.00
(294,314) Flow: 0.00
(294,315) Flow: 0.00
(294,334) Flow: 0.00
(301,261) Flow: -2.09
(301,280) Flow: 0.00
(301,281) Flow: 0.00
(301,282) Flow: 0.00
(301,300) Flow: 0.00
(301,302) Flow: 0.00
(301,303) Flow: 0.00
(301,320) Flow: 0.00
(301,321) Flow: 0.00
(301,322) Flow: 0.00
(301,341) Flow: 2.09
(295,255) Flow: 0.00
(295,274) Flow: 0.00
(295,275) Flow: 0.00
(295,276) Flow: 0.00
(295,294) Flow: 0.00
(295,296) Flow: 0.00
(295,297) Flow: 0.00
(295,314) Flow: 0.00
(295,315) Flow: 0.00
(295,316) Flow: 0.00
(295,335) Flow: 0.00
(302,262) Flow: 0.00
(302,281) Flow: 0.00
(302,282) Flow: 0.00
(302,283) Flow: 0.00
(302,300) Flow: 0.00
(302,301) Flow: 0.00
(302,303) Flow: 0.00
(302,304) Flow: 0.00
(302,321) Flow: 0.00
(302,322) Flow: 0.00
(302,323) Flow: 0.00
(302,342) Flow: 0.00
(296,256) Flow: 0.00
(296,275) Flow: 0.00
(296,276) Flow: 0.00
(296,277) Flow: 0.00
(296,294) Flow: 0.00
(296,295) Flow: 0.00
(296,297) Flow: 0.00
(296,315) Flow: 0.00
(296,316) Flow: 0.00
(296,317) Flow: 0.00
(296,336) Flow: 0.00
(303,282) Flow: 0.00
(303,283) Flow: 0.00
(303,284) Flow: 0.00
(303,301) Flow: 0.00
(303,302) Flow: 0.00
(303,304) Flow: 0.00
(303,305) Flow: 0.00
(303,322) Flow: 0.00
(303,323) Flow: 0.00
(303,324) Flow: 0.00
(303,343) Flow: 0.00
(297,257) Flow: 0.00
(297,276) Flow: 0.00
(297,277) Flow: 0.00
(297,278) Flow: 0.00
(297,295) Flow: 0.00
(297,296) Flow: 0.00
(297,299) Flow: 0.00
(297,316) Flow: 0.00
(297,317) Flow: 0.00
(297,318) Flow: 0.00
(297,337) Flow: 0.00
(304,264) Flow: 0.00
(304,283) Flow: 0.00
(304,284) Flow: 0.00
(304,285) Flow: 0.00
(304,302) Flow: 0.00
(304,303) Flow: 0.00
(304,305) Flow: 0.00
(304,306) Flow: 0.00
(304,323) Flow: 0.00
(304,324) Flow: 0.00
(304,325) Flow: 0.00
(304,344) Flow: 0.00
(305,265) Flow: -2.07
(305,284) Flow: 0.00
(305,285) Flow: 0.00
(305,286) Flow: 0.00
(305,303) Flow: 0.00
(305,304) Flow: 0.00
(305,306) Flow: 0.00
(305,307) Flow: 0.00
(305,324) Flow: 0.00
(305,325) Flow: 0.00
(305,326) Flow: 2.07
(299,259) Flow: 0.00
(299,278) Flow: 0.00
(299,279) Flow: 0.00
(299,297) Flow: 0.00
(299,318) Flow: 0.00
(299,319) Flow: 0.00
(299,339) Flow: 0.00
(306,266) Flow: 0.00
(306,285) Flow: 0.00
(306,286) Flow: 0.00
(306,287) Flow: 0.00
(306,304) Flow: 0.00
(306,305) Flow: 0.00
(306,307) Flow: 0.00
(306,308) Flow: 0.00
(306,325) Flow: 0.00
(306,326) Flow: 0.00
(306,327) Flow: 0.00
(306,346) Flow: 0.00
(307,267) Flow: 0.00
(307,286) Flow: 0.00
(307,287) Flow: 0.00
(307,288) Flow: 0.00
(307,305) Flow: 0.00
(307,306) Flow: 0.00
(307,308) Flow: 0.00
(307,309) Flow: 0.00
(307,326) Flow: 0.00
(307,327) Flow: 0.00
(307,328) Flow: 0.00
(307,347) Flow: 0.00
(308,268) Flow: 0.00
(308,287) Flow: 0.00
(308,288) Flow: 0.00
(308,289) Flow: 0.00
(308,306) Flow: 0.00
(308,307) Flow: 0.00
(308,309) Flow: 0.00
(308,310) Flow: 0.00
(308,327) Flow: 0.00
(308,328) Flow: 0.00
(308,329) Flow: 0.79
(308,348) Flow: -0.79
(309,269) Flow: 0.00
(309,288) Flow: 0.00
(309,289) Flow: 0.00
(309,290) Flow: 0.00
(309,307) Flow: 0.00
(309,308) Flow: 0.00
(309,310) Flow: 0.00
(309,311) Flow: 0.00
(309,328) Flow: 0.00
(309,329) Flow: 0.00
(309,330) Flow: 0.00
(310,270) Flow: 0.00
(310,289) Flow: 0.00
(310,290) Flow: 0.00
(310,291) Flow: 0.00
(310,308) Flow: 0.00
(310,309) Flow: 0.00
(310,311) Flow: 0.00
(310,312) Flow: 0.00
(310,329) Flow: -0.05
(310,330) Flow: 0.00
(310,350) Flow: 0.05
(311,271) Flow: 0.00
(311,290) Flow: 0.00
(311,291) Flow: 0.00
(311,309) Flow: 0.00
(311,310) Flow: 0.00
(311,312) Flow: 0.00
(311,313) Flow: 0.00
(311,330) Flow: 0.00
(311,332) Flow: 0.00
(311,351) Flow: 0.00
(312,272) Flow: 0.00
(312,291) Flow: 0.00
(312,310) Flow: 0.00
(312,311) Flow: 0.00
(312,313) Flow: 0.00
(312,314) Flow: 0.00
(312,332) Flow: 0.00
(312,333) Flow: 0.00
(312,352) Flow: 0.00
(313,273) Flow: 0.00
(313,294) Flow: 0.00
(313,311) Flow: 0.00
(313,312) Flow: 0.00
(313,314) Flow: 0.00
(313,315) Flow: 0.00
(313,332) Flow: 0.00
(313,333) Flow: 0.00
(313,334) Flow: 0.00
(313,353) Flow: 0.00
(320,280) Flow: -2.00
(320,300) Flow: 0.00
(320,301) Flow: 0.00
(320,321) Flow: 0.00
(320,322) Flow: 0.00
(320,340) Flow: 0.00
(320,341) Flow: 0.00
(320,360) Flow: 2.00
(314,274) Flow: 0.00
(314,294) Flow: 0.00
(314,295) Flow: 0.00
(314,312) Flow: 0.00
(314,313) Flow: 0.00
(314,315) Flow: 0.00
(314,316) Flow: 0.00
(314,333) Flow: 0.00
(314,334) Flow: 0.00
(314,335) Flow: 0.00
(314,354) Flow: 0.00
(321,281) Flow: 0.00
(321,300) Flow: 0.00
(321,301) Flow: 0.00
(321,302) Flow: 0.00
(321,320) Flow: 0.00
(321,322) Flow: 0.00
(321,323) Flow: 0.00
(321,340) Flow: 0.00
(321,341) Flow: 0.00
(321,342) Flow: 0.00
(321,361) Flow: 0.00
(315,275) Flow: 0.00
(315,294) Flow: 0.00
(315,295) Flow: 0.00
(315,296) Flow: 0.00
(315,313) Flow: 0.00
(315,314) Flow: 0.00
(315,316) Flow: 0.00
(315,317) Flow: 0.00
(315,334) Flow: 0.00
(315,335) Flow: 0.00
(315,336) Flow: 0.00
(315,355) Flow: 0.00
(322,282) Flow: -1.06
(322,301) Flow: 0.00
(322,302) Flow: 0.00
(322,303) Flow: 0.00
(322,320) Flow: 0.00
(322,321) Flow: 0.00
(322,323) Flow: 0.00
(322,324) Flow: 0.00
(322,341) Flow: 0.00
(322,342) Flow: 0.00
(322,343) Flow: 0.00
(322,362) Flow: 1.06
(316,276) Flow: 0.00
(316,295) Flow: 0.00
(316,296) Flow: 0.00
(316,297) Flow: 0.00
(316,314) Flow: 0.00
(316,315) Flow: 0.00
(316,317) Flow: 0.00
(316,318) Flow: 0.00
(316,335) Flow: 0.00
(316,336) Flow: 0.00
(316,337) Flow: 0.00
(323,283) Flow: 0.00
(323,302) Flow: 0.00
(323,303) Flow: 0.00
(323,304) Flow: 0.00
(323,321) Flow: 0.00
(323,322) Flow: 0.00
(323,324) Flow: 0.00
(323,325) Flow: 0.00
(323,342) Flow: 0.00
(323,343) Flow: 0.00
(323,344) Flow: 0.00
(323,363) Flow: 0.00
(317,277) Flow: 0.00
(317,296) Flow: 0.00
(317,297) Flow: 0.00
(317,315) Flow: 0.00
(317,316) Flow: 0.00
(317,318) Flow: 0.00
(317,319) Flow: 0.00
(317,336) Flow: 0.00
(317,337) Flow: 0.00
(317,338) Flow: 0.00
(317,357) Flow: 0.00
(324,284) Flow: 0.00
(324,303) Flow: 0.00
(324,304) Flow: 0.00
(324,305) Flow: 0.00
(324,322) Flow: 0.00
(324,323) Flow: 0.00
(324,325) Flow: 0.00
(324,326) Flow: 0.00
(324,343) Flow: 0.00
(324,344) Flow: 0.00
(318,278) Flow: 0.00
(318,297) Flow: 0.00
(318,299) Flow: 0.00
(318,316) Flow: 0.00
(318,317) Flow: 0.00
(318,319) Flow: 0.00
(318,337) Flow: 0.00
(318,338) Flow: 0.00
(318,339) Flow: 0.00
(318,358) Flow: 0.00
(325,285) Flow: 0.00
(325,304) Flow: 0.00
(325,305) Flow: 0.00
(325,306) Flow: 0.00
(325,323) Flow: 0.00
(325,324) Flow: 0.00
(325,326) Flow: 0.00
(325,327) Flow: 0.00
(325,344) Flow: 0.00
(325,346) Flow: 0.00
(319,279) Flow: 0.00
(319,299) Flow: 0.00
(319,317) Flow: 0.00
(319,318) Flow: 0.00
(319,338) Flow: 0.00
(319,339) Flow: 0.00
(319,359) Flow: 0.00
(326,286) Flow: 0.00
(326,305) Flow: -2.07
(326,306) Flow: 0.00
(326,307) Flow: 0.00
(326,324) Flow: 0.00
(326,325) Flow: 0.00
(326,327) Flow: 0.00
(326,328) Flow: 0.00
(326,346) Flow: 0.00
(326,347) Flow: 1.15
(326,366) Flow: 0.91
(327,287) Flow: 0.00
(327,306) Flow: 0.00
(327,307) Flow: 0.00
(327,308) Flow: 0.00
(327,325) Flow: 0.00
(327,326) Flow: 0.00
(327,328) Flow: 0.00
(327,329) Flow: 0.27
(327,346) Flow: 0.00
(327,347) Flow: 0.00
(327,348) Flow: 0.00
(327,367) Flow: -0.27
(328,288) Flow: 0.00
(328,307) Flow: 0.00
(328,308) Flow: 0.00
(328,309) Flow: 0.00
(328,326) Flow: 0.00
(328,327) Flow: 0.00
(328,329) Flow: 0.00
(328,330) Flow: 0.65
(328,347) Flow: 0.00
(328,348) Flow: -0.65
(329,289) Flow: 0.00
(329,308) Flow: -0.79
(329,309) Flow: 0.00
(329,310) Flow: 0.05
(329,327) Flow: -0.27
(329,328) Flow: 0.00
(329,330) Flow: 1.04
(329,348) Flow: -2.04
(329,350) Flow: 2.01
(330,290) Flow: 0.00
(330,309) Flow: 0.00
(330,310) Flow: 0.00
(330,311) Flow: 0.00
(330,328) Flow: -0.65
(330,329) Flow: -1.04
(330,332) Flow: 0.00
(330,350) Flow: 0.00
(330,351) Flow: 0.00
(330,370) Flow: 1.69
(332,311) Flow: 0.00
(332,312) Flow: 0.00
(332,313) Flow: 0.00
(332,330) Flow: 0.00
(332,333) Flow: 0.00
(332,334) Flow: 0.00
(332,351) Flow: 0.00
(332,352) Flow: 0.00
(332,353) Flow: 0.00
(332,372) Flow: 0.00
(333,312) Flow: 0.00
(333,313) Flow: 0.00
(333,314) Flow: 0.00
(333,332) Flow: 0.00
(333,334) Flow: 0.00
(333,335) Flow: 0.00
(333,352) Flow: 0.00
(333,353) Flow: 0.00
(333,354) Flow: 0.00
(333,373) Flow: 0.00
(340,300) Flow: -1.00
(340,320) Flow: 0.00
(340,321) Flow: 0.00
(340,341) Flow: 0.00
(340,342) Flow: 0.00
(340,360) Flow: 0.00
(340,361) Flow: 0.53
(340,380) Flow: 0.48
(334,294) Flow: 0.00
(334,313) Flow: 0.00
(334,314) Flow: 0.00
(334,315) Flow: 0.00
(334,332) Flow: 0.00
(334,333) Flow: 0.00
(334,335) Flow: 0.00
(334,336) Flow: 0.00
(334,353) Flow: 0.00
(334,354) Flow: 0.00
(334,355) Flow: 0.00
(334,374) Flow: 0.00
(341,301) Flow: -2.09
(341,320) Flow: -0.00
(341,321) Flow: 0.00
(341,322) Flow: 0.00
(341,340) Flow: 0.00
(341,342) Flow: 0.00
(341,343) Flow: 0.00
(341,360) Flow: 0.00
(341,361) Flow: 0.00
(341,362) Flow: 2.09
(335,295) Flow: 0.00
(335,314) Flow: 0.00
(335,315) Flow: 0.00
(335,316) Flow: 0.00
(335,333) Flow: 0.00
(335,334) Flow: 0.00
(335,336) Flow: 0.00
(335,337) Flow: 0.00
(335,354) Flow: 0.00
(335,355) Flow: 0.00
(335,375) Flow: 0.00
(342,302) Flow: 0.00
(342,321) Flow: 0.00
(342,322) Flow: 0.00
(342,323) Flow: 0.00
(342,340) Flow: 0.00
(342,341) Flow: 0.00
(342,343) Flow: 0.00
(342,344) Flow: 0.00
(342,361) Flow: 0.00
(342,362) Flow: 0.00
(342,363) Flow: 0.00
(342,382) Flow: 0.00
(336,296) Flow: 0.00
(336,315) Flow: 0.00
(336,316) Flow: 0.00
(336,317) Flow: 0.00
(336,334) Flow: 0.00
(336,335) Flow: 0.00
(336,337) Flow: 0.00
(336,338) Flow: 0.00
(336,355) Flow: 0.00
(336,357) Flow: 0.00
(336,376) Flow: 0.00
(343,303) Flow: 0.00
(343,322) Flow: 0.00
(343,323) Flow: 0.00
(343,324) Flow: 0.00
(343,341) Flow: 0.00
(343,342) Flow: 0.00
(343,344) Flow: 0.00
(343,362) Flow: 0.00
(343,363) Flow: 0.00
(343,383) Flow: 0.00
(337,297) Flow: 0.00
(337,316) Flow: 0.00
(337,317) Flow: 0.00
(337,318) Flow: 0.00
(337,335) Flow: 0.00
(337,336) Flow: 0.00
(337,338) Flow: 0.00
(337,339) Flow: 0.00
(337,357) Flow: 0.00
(337,358) Flow: 0.00
(337,377) Flow: 0.00
(344,304) Flow: 0.00
(344,323) Flow: 0.00
(344,324) Flow: 0.00
(344,325) Flow: 0.00
(344,342) Flow: 0.00
(344,343) Flow: 0.00
(344,346) Flow: 0.65
(344,363) Flow: 0.00
(344,384) Flow: -0.65
(338,317) Flow: 0.00
(338,318) Flow: 0.00
(338,319) Flow: 0.00
(338,336) Flow: 0.00
(338,337) Flow: 0.00
(338,339) Flow: 0.00
(338,357) Flow: 0.00
(338,358) Flow: 0.00
(338,359) Flow: 0.00
(338,378) Flow: 0.00
(339,299) Flow: 0.00
(339,318) Flow: 0.00
(339,319) Flow: 0.00
(339,337) Flow: 0.00
(339,338) Flow: 0.00
(339,358) Flow: 0.00
(339,359) Flow: 0.00
(339,379) Flow: 0.00
(346,306) Flow: 0.00
(346,325) Flow: 0.00
(346,326) Flow: 0.00
(346,327) Flow: 0.00
(346,344) Flow: -0.65
(346,347) Flow: 0.00
(346,348) Flow: 0.65
(346,366) Flow: 0.00
(346,367) Flow: 0.00
(346,386) Flow: 0.00
(347,307) Flow: 0.00
(347,326) Flow: -1.15
(347,327) Flow: 0.00
(347,328) Flow: 0.00
(347,346) Flow: 0.00
(347,348) Flow: 1.31
(347,366) Flow: 0.00
(347,367) Flow: -0.16
(347,387) Flow: 0.00
(348,308) Flow: 0.79
(348,327) Flow: 0.00
(348,328) Flow: 0.65
(348,329) Flow: 2.04
(348,346) Flow: -0.65
(348,347) Flow: -1.31
(348,350) Flow: 2.09
(348,367) Flow: -3.61
(350,310) Flow: -0.05
(350,329) Flow: -2.01
(350,330) Flow: 0.00
(350,348) Flow: -2.09
(350,351) Flow: 0.00
(350,352) Flow: 0.00
(350,370) Flow: 2.11
(350,371) Flow: 2.04
(351,311) Flow: 0.00
(351,330) Flow: 0.00
(351,332) Flow: 0.00
(351,350) Flow: 0.00
(351,352) Flow: 0.00
(351,353) Flow: 0.00
(351,370) Flow: 0.00
(351,371) Flow: 0.00
(351,372) Flow: 0.00
(351,391) Flow: 0.00
(352,312) Flow: 0.00
(352,332) Flow: 0.00
(352,333) Flow: 0.00
(352,350) Flow: 0.00
(352,351) Flow: 0.00
(352,353) Flow: 0.00
(352,354) Flow: 0.00
(352,371) Flow: 0.00
(352,372) Flow: 0.00
(352,373) Flow: 0.00
(352,392) Flow: 0.00
(353,313) Flow: 0.00
(353,332) Flow: 0.00
(353,333) Flow: 0.00
(353,334) Flow: 0.00
(353,351) Flow: 0.00
(353,352) Flow: 0.00
(353,354) Flow: 0.00
(353,355) Flow: 0.00
(353,372) Flow: 0.00
(353,373) Flow: 0.00
(353,374) Flow: 0.00
(353,393) Flow: 0.00
(360,320) Flow: -2.00
(360,340) Flow: 0.00
(360,341) Flow: 0.00
(360,361) Flow: 0.00
(360,362) Flow: 0.36
(360,380) Flow: 1.64
(354,314) Flow: 0.00
(354,333) Flow: 0.00
(354,334) Flow: 0.00
(354,335) Flow: 0.00
(354,352) Flow: 0.00
(354,353) Flow: 0.00
(354,355) Flow: 0.00
(354,373) Flow: 0.00
(354,374) Flow: 0.00
(354,375) Flow: 0.00
(354,394) Flow: 0.00
(361,321) Flow: 0.00
(361,340) Flow: -0.53
(361,341) Flow: 0.00
(361,342) Flow: 0.00
(361,360) Flow: 0.00
(361,362) Flow: 0.00
(361,363) Flow: 0.00
(361,380) Flow: 0.00
(361,382) Flow: 0.53
(355,315) Flow: 0.00
(355,334) Flow: 0.00
(355,335) Flow: 0.00
(355,336) Flow: 0.00
(355,353) Flow: 0.00
(355,354) Flow: 0.00
(355,357) Flow: 0.00
(355,374) Flow: 0.00
(355,375) Flow: 0.00
(355,376) Flow: 0.00
(355,395) Flow: 0.00
(362,322) Flow: -1.06
(362,341) Flow: -2.09
(362,342) Flow: 0.00
(362,343) Flow: 0.00
(362,360) Flow: -0.36
(362,361) Flow: 0.00
(362,363) Flow: 0.00
(362,382) Flow: 0.00
(362,383) Flow: 3.51
(363,323) Flow: 0.00
(363,342) Flow: 0.00
(363,343) Flow: 0.00
(363,344) Flow: 0.00
(363,361) Flow: 0.00
(363,362) Flow: 0.00
(363,382) Flow: 0.00
(363,383) Flow: 0.00
(363,384) Flow: 0.00
(357,317) Flow: 0.00
(357,336) Flow: 0.00
(357,337) Flow: 0.00
(357,338) Flow: 0.00
(357,355) Flow: 0.00
(357,358) Flow: 0.00
(357,359) Flow: 0.00
(357,376) Flow: 0.00
(357,377) Flow: 0.00
(357,378) Flow: 0.00
(357,397) Flow: 0.00
(358,318) Flow: 0.00
(358,337) Flow: 0.00
(358,338) Flow: 0.00
(358,339) Flow: 0.00
(358,357) Flow: 0.00
(358,359) Flow: 0.00
(358,377) Flow: 0.00
(358,378) Flow: 0.00
(358,379) Flow: 0.00
(358,398) Flow: 0.00
(359,319) Flow: 0.00
(359,338) Flow: 0.00
(359,339) Flow: 0.00
(359,357) Flow: 0.00
(359,358) Flow: 0.00
(359,378) Flow: 0.00
(359,379) Flow: 0.00
(359,399) Flow: 0.00
(366,326) Flow: -0.91
(366,346) Flow: 0.00
(366,347) Flow: 0.00
(366,367) Flow: 1.18
(366,385) Flow: -0.27
(366,386) Flow: 0.00
(366,387) Flow: 0.00
(367,327) Flow: 0.27
(367,346) Flow: 0.00
(367,347) Flow: 0.16
(367,348) Flow: 3.61
(367,366) Flow: -1.18
(367,386) Flow: -1.95
(367,387) Flow: -0.91
(370,330) Flow: -1.69
(370,350) Flow: -2.11
(370,351) Flow: 0.00
(370,371) Flow: 0.00
(370,372) Flow: 3.16
(370,389) Flow: -0.32
(370,391) Flow: 0.96
(371,350) Flow: -2.04
(371,351) Flow: 0.00
(371,352) Flow: 0.00
(371,370) Flow: 0.00
(371,372) Flow: 0.00
(371,373) Flow: 0.00
(371,391) Flow: 0.03
(371,392) Flow: 2.01
(372,332) Flow: 0.00
(372,351) Flow: 0.00
(372,352) Flow: 0.00
(372,353) Flow: 0.00
(372,370) Flow: -3.16
(372,371) Flow: 0.00
(372,373) Flow: 0.00
(372,374) Flow: 2.04
(372,391) Flow: 0.00
(372,392) Flow: 0.00
(372,393) Flow: 1.12
(373,333) Flow: 0.00
(373,352) Flow: 0.00
(373,353) Flow: 0.00
(373,354) Flow: 0.00
(373,371) Flow: 0.00
(373,372) Flow: 0.00
(373,374) Flow: 0.00
(373,375) Flow: 0.00
(373,392) Flow: -0.02
(373,393) Flow: 0.00
(373,394) Flow: 0.02
(380,340) Flow: -0.48
(380,360) Flow: -1.64
(380,361) Flow: 0.00
(380,382) Flow: 2.12
(374,334) Flow: 0.00
(374,353) Flow: 0.00
(374,354) Flow: 0.00
(374,355) Flow: 0.00
(374,372) Flow: -2.04
(374,373) Flow: 0.00
(374,375) Flow: 0.00
(374,376) Flow: 2.00
(374,393) Flow: -0.86
(374,394) Flow: 0.00
(374,395) Flow: 0.90
(375,335) Flow: 0.00
(375,354) Flow: 0.00
(375,355) Flow: 0.00
(375,373) Flow: 0.00
(375,374) Flow: 0.00
(375,376) Flow: 0.00
(375,377) Flow: 0.00
(375,394) Flow: 0.00
(375,395) Flow: 0.00
(375,396) Flow: 0.00
(382,342) Flow: 0.00
(382,361) Flow: -0.53
(382,362) Flow: 0.00
(382,363) Flow: 0.00
(382,380) Flow: -2.12
(382,383) Flow: 0.20
(382,384) Flow: 2.44
(376,336) Flow: 0.00
(376,355) Flow: 0.00
(376,357) Flow: 0.00
(376,374) Flow: -2.00
(376,375) Flow: 0.00
(376,377) Flow: 0.00
(376,378) Flow: 2.04
(376,395) Flow: -0.93
(376,396) Flow: 0.00
(376,397) Flow: 0.90
(383,343) Flow: 0.00
(383,362) Flow: -3.51
(383,363) Flow: 0.00
(383,382) Flow: -0.20
(383,384) Flow: 1.27
(383,385) Flow: 2.44
(377,337) Flow: 0.00
(377,357) Flow: 0.00
(377,358) Flow: 0.00
(377,375) Flow: 0.00
(377,376) Flow: 0.00
(377,378) Flow: 0.00
(377,379) Flow: 0.15
(377,396) Flow: -0.27
(377,397) Flow: 0.00
(377,398) Flow: 0.12
(384,344) Flow: 0.65
(384,363) Flow: 0.00
(384,382) Flow: -2.44
(384,383) Flow: -1.27
(384,385) Flow: 1.00
(384,386) Flow: 2.06
(378,338) Flow: 0.00
(378,357) Flow: 0.00
(378,358) Flow: 0.00
(378,359) Flow: 0.00
(378,376) Flow: -2.04
(378,377) Flow: 0.00
(378,379) Flow: 0.00
(378,397) Flow: 0.00
(378,398) Flow: 0.00
(378,399) Flow: 2.04
(385,366) Flow: 0.27
(385,383) Flow: -2.44
(385,384) Flow: -1.00
(385,386) Flow: 1.17
(385,387) Flow: 2.01
(379,339) Flow: 0.00
(379,358) Flow: 0.00
(379,359) Flow: 0.00
(379,377) Flow: -0.15
(379,378) Flow: 0.00
(379,398) Flow: -0.90
(379,399) Flow: 1.05
(386,346) Flow: 0.00
(386,366) Flow: 0.00
(386,367) Flow: 1.95
(386,384) Flow: -2.06
(386,385) Flow: -1.17
(386,387) Flow: 1.28
(387,347) Flow: 0.00
(387,366) Flow: 0.00
(387,367) Flow: 0.91
(387,385) Flow: -2.01
(387,386) Flow: -1.28
(387,389) Flow: 2.39
(389,370) Flow: 0.32
(389,387) Flow: -2.39
(389,391) Flow: 2.06
(391,351) Flow: 0.00
(391,370) Flow: -0.96
(391,371) Flow: -0.03
(391,372) Flow: 0.00
(391,389) Flow: -2.06
(391,392) Flow: 1.04
(391,393) Flow: 2.00
(392,352) Flow: 0.00
(392,371) Flow: -2.01
(392,372) Flow: 0.00
(392,373) Flow: 0.02
(392,391) Flow: -1.04
(392,393) Flow: 1.02
(392,394) Flow: 2.01
(393,353) Flow: 0.00
(393,372) Flow: -1.12
(393,373) Flow: 0.00
(393,374) Flow: 0.86
(393,391) Flow: -2.00
(393,392) Flow: -1.02
(393,394) Flow: 1.00
(393,395) Flow: 2.28
(394,354) Flow: 0.00
(394,373) Flow: -0.02
(394,374) Flow: 0.00
(394,375) Flow: 0.00
(394,392) Flow: -2.01
(394,393) Flow: -1.00
(394,395) Flow: 0.75
(394,396) Flow: 2.28
(395,355) Flow: 0.00
(395,374) Flow: -0.90
(395,375) Flow: 0.00
(395,376) Flow: 0.93
(395,393) Flow: -2.28
(395,394) Flow: -0.75
(395,396) Flow: 1.00
(395,397) Flow: 2.00
(396,375) Flow: 0.00
(396,376) Flow: 0.00
(396,377) Flow: 0.27
(396,394) Flow: -2.28
(396,395) Flow: -1.00
(396,397) Flow: 1.00
(396,398) Flow: 2.01
(397,357) Flow: 0.00
(397,376) Flow: -0.90
(397,377) Flow: 0.00
(397,378) Flow: 0.00
(397,395) Flow: -2.00
(397,396) Flow: -1.00
(397,398) Flow: 1.00
(397,399) Flow: 2.90
(398,358) Flow: 0.00
(398,377) Flow: -0.12
(398,378) Flow: 0.00
(398,379) Flow: 0.90
(398,396) Flow: -2.01
(398,397) Flow: -1.00
(398,399) Flow: 2.24
(399,359) Flow: 0.00
(399,378) Flow: -2.04
(399,379) Flow: -1.05
(399,397) Flow: -2.90
(399,398) Flow: -2.24
