( 7, 3): 10.61 ( 0, 0) ( 1, 0) ( 2, 1) ( 4, 1) ( 4, 3) ( 6, 3) ( 7, 3)
( 6, 9): 16.42 ( 0, 0) ( 0, 2) ( 0, 3) ( 1, 3) ( 2, 4) ( 3, 4) ( 4, 5) ( 5, 6) ( 6, 7) ( 6, 9)
(19,19): 39.43 ( 0, 0) ( 1, 0) ( 3, 0) ( 5, 0) ( 7, 0) ( 9, 0) (10, 0) (12, 0) (13, 0) (14, 1) (14, 3) (15, 3) (15, 5) (16, 6) (16, 8) (16, 9) (17,10) (18,11) (18,12) (18,14) (18,16) (18,18) (19,19)
(16, 6): 22.59 ( 0, 0) ( 1, 0) ( 3, 0) ( 5, 0) ( 7, 0) ( 9, 0) (10, 0) (12, 0) (13, 0) (14, 1) (14, 3) (15, 3) (15, 5) (16, 6)
( 7,12): 19.72 ( 0, 0) ( 0, 2) ( 0, 3) ( 0, 5) ( 0, 7) ( 0, 9) ( 0,11) ( 1,12) ( 3,12) ( 5,12) ( 7,12)
(19, 4): 23.63 ( 0, 0) ( 1, 0) ( 3, 0) ( 5, 0) ( 7, 0) ( 9, 0) (11, 0) (12, 1) (12, 2) (14, 2) (15, 2) (16, 3) (17, 4) (19, 4)
(18,19): 37.88 ( 0, 0) ( 1, 0) ( 3, 0) ( 5, 0) ( 7, 0) ( 9, 0) (10, 0) (12, 0) (13, 0) (14, 1) (14, 3) (15, 3) (15, 5) (16, 6) (16, 8) (16, 9) (17,10) (18,11) (18,12) (18,14) (18,16) (18,18) (18,19)
( 8, 5): 14.02 ( 0, 0) ( 0, 2) ( 0, 3) ( 1, 3) ( 2, 4) ( 3, 4) ( 5, 4) ( 7, 4) ( 8, 5)
(10, 8): 19.45 ( 0, 0) ( 0, 2) ( 0, 3) ( 1, 3) ( 2, 4) ( 3, 4) ( 5, 4) ( 7, 4) ( 7, 6) ( 7, 7) ( 8, 8) (10, 8)
( 9, 0):  9.27 ( 0, 0) ( 1, 0) ( 3, 0) ( 5, 0) ( 7, 0) ( 9, 0)
(11, 5): 17.92 ( 0, 0) ( 0, 2) ( 0, 3) ( 1, 3) ( 2, 4) ( 3, 4) ( 5, 4) ( 7, 4) ( 8, 5) ( 9, 5) (11, 5)
(10, 7): 18.47 ( 0, 0) ( 0, 2) ( 0, 3) ( 1, 3) ( 2, 4) ( 3, 4) ( 5, 4) ( 7, 4) ( 7, 6) ( 9, 6) (10, 7)
(17, 7): 24.70 ( 0, 0) ( 1, 0) ( 3, 0) ( 5, 0) ( 7, 0) ( 9, 0) (10, 0) (12, 0) (13, 0) (14, 1) (14, 3) (15, 3) (15, 5) (16, 5) (17, 6) (17, 7)
(12, 6): 19.49 ( 0, 0) ( 0, 2) ( 0, 3) ( 1, 3) ( 2, 4) ( 3, 4) ( 5, 4) ( 7, 4) ( 7, 6) ( 9, 6) (10, 6) (12, 6)
(10,18): 29.08 ( 0, 0) ( 0, 2) ( 0, 3) ( 0, 5) ( 0, 7) ( 0, 9) ( 0,11) ( 1,12) ( 2,12) ( 2,13) ( 3,14) ( 5,14) ( 6,15) ( 7,16) ( 7,18) ( 8,18) (10,18)
( 0,17): 17.52 ( 0, 0) ( 0, 2) ( 0, 3) ( 0, 5) ( 0, 7) ( 0, 9) ( 0,11) ( 0,13) ( 0,14) ( 0,16) ( 0,17)
(15,11): 26.93 ( 0, 0) ( 1, 0) ( 3, 0) ( 5, 0) ( 7, 0) ( 9, 0) (10, 0) (12, 0) (13, 0) (14, 1) (14, 3) (14, 5) (14, 7) (15, 7) (15, 9) (15,11)
(14, 1): 15.43 ( 0, 0) ( 1, 0) ( 3, 0) ( 5, 0) ( 7, 0) ( 9, 0) (10, 0) (12, 0) (13, 0) (14, 1)
(13, 7): 22.31 ( 0, 0) ( 1, 0) ( 3, 0) ( 5, 0) ( 7, 0) ( 9, 0) (10, 0) (11, 1) (11, 2) (11, 4) (13, 4) (13, 5) (13, 7)
(12,17): 30.40 ( 0, 0) ( 0, 2) ( 0, 3) ( 0, 5) ( 0, 7) ( 0, 9) ( 0,11) ( 1,12) ( 2,12) ( 2,13) ( 3,14) ( 5,14) ( 6,15) ( 7,16) ( 8,16) ( 9,17) (11,17) (12,17)
( 0, 4):  7.58 ( 0, 0) ( 0, 2) ( 0, 4)
(15, 4): 19.64 ( 0, 0) ( 1, 0) ( 3, 0) ( 5, 0) ( 7, 0) ( 9, 0) (11, 0) (12, 1) (12, 2) (14, 2) (15, 2) (15, 4)
( 1, 1):  2.12 ( 0, 0) ( 1, 1)
( 4,10): 15.39 ( 0, 0) ( 0, 2) ( 0, 3) ( 0, 5) ( 0, 7) ( 0, 9) ( 1,10) ( 2,10) ( 4,10)
( 2, 6):  8.73 ( 0, 0) ( 0, 2) ( 0, 3) ( 0, 5) ( 0, 6) ( 2, 6)
( 5,11): 17.85 ( 0, 0) ( 0, 2) ( 0, 3) ( 1, 3) ( 2, 4) ( 3, 4) ( 4, 5) ( 5, 6) ( 5, 8) ( 5, 9) ( 5,11)
( 4, 5):  9.20 ( 0, 0) ( 0, 2) ( 0, 3) ( 1, 3) ( 2, 4) ( 3, 4) ( 4, 5)
( 6, 0):  6.08 ( 0, 0) ( 1, 0) ( 3, 0) ( 4, 0) ( 6, 0)
( 4,16): 20.49 ( 0, 0) ( 0, 2) ( 0, 3) ( 0, 5) ( 0, 7) ( 0, 9) ( 0,11) ( 1,12) ( 2,12) ( 2,14) ( 2,16) ( 4,16)
( 7, 5): 12.96 ( 0, 0) ( 0, 2) ( 0, 3) ( 1, 3) ( 2, 4) ( 3, 4) ( 5, 4) ( 7, 4) ( 7, 5)
(19,13): 32.65 ( 0, 0) ( 1, 0) ( 3, 0) ( 5, 0) ( 7, 0) ( 9, 0) (10, 0) (12, 0) (13, 0) (14, 1) (14, 3) (15, 3) (15, 5) (16, 6) (16, 8) (16, 9) (17,10) (18,11) (19,11) (19,13)
(17,13): 31.00 ( 0, 0) ( 1, 0) ( 3, 0) ( 5, 0) ( 7, 0) ( 9, 0) (10, 0) (12, 0) (13, 0) (14, 1) (14, 3) (15, 3) (15, 5) (16, 6) (16, 8) (16, 9) (17,10) (17,11) (17,13)
(16,19): 36.24 ( 0, 0) ( 0, 2) ( 0, 3) ( 0, 5) ( 0, 7) ( 0, 9) ( 0,11) ( 1,12) ( 2,12) ( 2,13) ( 3,14) ( 3,16) ( 4,17) ( 6,17) ( 6,19) ( 8,19) (10,19) (11,19) (13,19) (15,19) (16,19)
(18,10): 32.56 ( 0, 0) ( 1, 0) ( 3, 0) ( 5, 0) ( 7, 0) ( 9, 0) (10, 0) (12, 0) (13, 0) (14, 1) (14, 3) (15, 3) (15, 5) (16, 6) (16, 8) (16,10) (18,10)
(17,18): 36.75 ( 0, 0) ( 1, 0) ( 3, 0) ( 5, 0) ( 7, 0) ( 9, 0) (10, 0) (12, 0) (13, 0) (14, 1) (14, 3) (15, 3) (15, 5) (16, 6) (16, 8) (16, 9) (17,10) (17,11) (17,13) (17,15) (17,17) (17,18)
(16, 8): 24.59 ( 0, 0) ( 1, 0) ( 3, 0) ( 5, 0) ( 7, 0) ( 9, 0) (10, 0) (12, 0) (13, 0) (14, 1) (14, 3) (15, 3) (15, 5) (16, 6) (16, 8)
( 8,12): 20.83 ( 0, 0) ( 0, 2) ( 0, 3) ( 0, 5) ( 0, 7) ( 0, 9) ( 0,11) ( 1,12) ( 3,12) ( 5,12) ( 6,12) ( 8,12)
( 9, 9): 19.49 ( 0, 0) ( 0, 2) ( 0, 3) ( 1, 3) ( 2, 4) ( 3, 4) ( 5, 4) ( 7, 4) ( 7, 6) ( 9, 6) ( 9, 8) ( 9, 9)
(10,14): 26.27 ( 0, 0) ( 0, 2) ( 0, 3) ( 1, 3) ( 2, 4) ( 3, 4) ( 5, 4) ( 7, 4) ( 7, 6) ( 7, 7) ( 8, 8) ( 8,10) ( 8,11) ( 9,12) ( 9,14) (10,14)
( 8,18): 27.06 ( 0, 0) ( 0, 2) ( 0, 3) ( 0, 5) ( 0, 7) ( 0, 9) ( 0,11) ( 1,12) ( 2,12) ( 2,13) ( 3,14) ( 5,14) ( 6,15) ( 7,16) ( 7,18) ( 8,18)
( 9,19): 28.70 ( 0, 0) ( 0, 2) ( 0, 3) ( 0, 5) ( 0, 7) ( 0, 9) ( 0,11) ( 1,12) ( 2,12) ( 2,13) ( 3,14) ( 3,16) ( 4,17) ( 6,17) ( 6,19) ( 7,19) ( 9,19)
(15,16): 32.93 ( 0, 0) ( 0, 2) ( 0, 3) ( 0, 5) ( 0, 7) ( 0, 9) ( 0,11) ( 1,12) ( 2,12) ( 2,13) ( 3,14) ( 5,14) ( 6,15) ( 7,15) ( 9,15) (10,15) (12,15) (14,15) (15,16)
(14, 8): 23.13 ( 0, 0) ( 1, 0) ( 3, 0) ( 5, 0) ( 7, 0) ( 9, 0) (10, 0) (12, 0) (13, 0) (14, 1) (14, 3) (14, 5) (14, 7) (14, 8)
(13, 0): 13.35 ( 0, 0) ( 1, 0) ( 3, 0) ( 5, 0) ( 7, 0) ( 9, 0) (10, 0) (12, 0) (13, 0)
(12, 8): 21.45 ( 0, 0) ( 0, 2) ( 0, 3) ( 1, 3) ( 2, 4) ( 3, 4) ( 5, 4) ( 7, 4) ( 7, 6) ( 7, 7) ( 8, 8) (10, 8) (12, 8)
(11,16): 29.24 ( 0, 0) ( 0, 2) ( 0, 3) ( 0, 5) ( 0, 7) ( 0, 9) ( 0,11) ( 1,12) ( 2,12) ( 2,13) ( 3,14) ( 5,14) ( 6,15) ( 7,15) ( 9,15) (10,15) (11,16)
(15,13): 30.96 ( 0, 0) ( 1, 0) ( 3, 0) ( 5, 0) ( 7, 0) ( 9, 0) (10, 0) (12, 0) (13, 0) (14, 1) (14, 3) (14, 5) (14, 7) (15, 7) (15, 9) (15,11) (15,13)
(13,13): 27.81 ( 0, 0) ( 0, 2) ( 0, 3) ( 1, 3) ( 2, 4) ( 3, 4) ( 5, 4) ( 7, 4) ( 7, 6) ( 7, 7) ( 8, 8) ( 8,10) ( 8,11) (10,11) (11,12) (13,12) (13,13)
( 2,18): 20.45 ( 0, 0) ( 0, 2) ( 0, 3) ( 0, 5) ( 0, 7) ( 0, 9) ( 0,11) ( 0,13) ( 0,14) ( 0,16) ( 1,17) ( 2,18)
( 0,14): 14.40 ( 0, 0) ( 0, 2) ( 0, 3) ( 0, 5) ( 0, 7) ( 0, 9) ( 0,11) ( 0,13) ( 0,14)
( 3,11): 14.53 ( 0, 0) ( 0, 2) ( 0, 3) ( 0, 5) ( 0, 7) ( 0, 9) ( 1, 9) ( 3, 9) ( 3,11)
( 2, 1):  3.00 ( 0, 0) ( 1, 0) ( 2, 1)
( 2,12): 14.39 ( 0, 0) ( 0, 2) ( 0, 3) ( 0, 5) ( 0, 7) ( 0, 9) ( 0,11) ( 1,12) ( 2,12)
( 5, 1):  8.05 ( 0, 0) ( 1, 0) ( 3, 0) ( 4, 0) ( 5, 1)
(16, 7): 23.73 ( 0, 0) ( 1, 0) ( 3, 0) ( 5, 0) ( 7, 0) ( 9, 0) (10, 0) (12, 0) (13, 0) (14, 1) (14, 3) (15, 3) (15, 5) (16, 5) (16, 7)
( 6,14): 20.49 ( 0, 0) ( 0, 2) ( 0, 3) ( 0, 5) ( 0, 7) ( 0, 9) ( 0,11) ( 1,12) ( 2,12) ( 2,13) ( 3,14) ( 5,14) ( 6,14)
(19,18): 37.81 ( 0, 0) ( 1, 0) ( 3, 0) ( 5, 0) ( 7, 0) ( 9, 0) (10, 0) (12, 0) (13, 0) (14, 1) (14, 3) (15, 3) (15, 5) (16, 6) (16, 8) (16, 9) (17,10) (18,11) (18,12) (18,14) (18,16) (19,17) (19,18)
(17, 6): 23.62 ( 0, 0) ( 1, 0) ( 3, 0) ( 5, 0) ( 7, 0) ( 9, 0) (10, 0) (12, 0) (13, 0) (14, 1) (14, 3) (15, 3) (15, 5) (16, 5) (17, 6)
( 7,15): 23.03 ( 0, 0) ( 0, 2) ( 0, 3) ( 0, 5) ( 0, 7) ( 0, 9) ( 0,11) ( 1,12) ( 2,12) ( 2,13) ( 3,14) ( 5,14) ( 6,15) ( 7,15)
(19, 7): 26.65 ( 0, 0) ( 1, 0) ( 3, 0) ( 5, 0) ( 7, 0) ( 9, 0) (11, 0) (12, 1) (12, 2) (14, 2) (15, 2) (16, 3) (17, 4) (19, 4) (19, 5) (19, 7)
(17,11): 28.72 ( 0, 0) ( 1, 0) ( 3, 0) ( 5, 0) ( 7, 0) ( 9, 0) (10, 0) (12, 0) (13, 0) (14, 1) (14, 3) (15, 3) (15, 5) (16, 6) (16, 8) (16, 9) (17,10) (17,11)
(18,16): 34.80 ( 0, 0) ( 1, 0) ( 3, 0) ( 5, 0) ( 7, 0) ( 9, 0) (10, 0) (12, 0) (13, 0) (14, 1) (14, 3) (15, 3) (15, 5) (16, 6) (16, 8) (16, 9) (17,10) (18,11) (18,12) (18,14) (18,16)
( 8, 6): 14.64 ( 0, 0) ( 0, 2) ( 0, 3) ( 1, 3) ( 2, 4) ( 3, 4) ( 5, 4) ( 7, 4) ( 7, 6) ( 8, 6)
( 9, 7): 17.51 ( 0, 0) ( 0, 2) ( 0, 3) ( 1, 3) ( 2, 4) ( 3, 4) ( 5, 4) ( 7, 4) ( 7, 6) ( 9, 6) ( 9, 7)
(11, 4): 15.83 ( 0, 0) ( 1, 0) ( 3, 0) ( 5, 0) ( 7, 0) ( 9, 0) (10, 0) (11, 1) (11, 2) (11, 4)
(10, 4): 16.07 ( 0, 0) ( 0, 2) ( 0, 3) ( 1, 3) ( 2, 4) ( 3, 4) ( 5, 4) ( 6, 4) ( 8, 4) (10, 4)
(14,19): 34.31 ( 0, 0) ( 0, 2) ( 0, 3) ( 0, 5) ( 0, 7) ( 0, 9) ( 0,11) ( 1,12) ( 2,12) ( 2,13) ( 3,14) ( 3,16) ( 4,17) ( 6,17) ( 6,19) ( 8,19) (10,19) (12,19) (14,19)
(12, 7): 20.47 ( 0, 0) ( 0, 2) ( 0, 3) ( 1, 3) ( 2, 4) ( 3, 4) ( 5, 4) ( 7, 4) ( 7, 6) ( 9, 6) (10, 7) (12, 7)
(10,19): 29.81 ( 0, 0) ( 0, 2) ( 0, 3) ( 0, 5) ( 0, 7) ( 0, 9) ( 0,11) ( 1,12) ( 2,12) ( 2,13) ( 3,14) ( 3,16) ( 4,17) ( 6,17) ( 6,19) ( 8,19) (10,19)
( 0,18): 18.79 ( 0, 0) ( 0, 2) ( 0, 3) ( 0, 5) ( 0, 7) ( 0, 9) ( 0,11) ( 0,13) ( 0,14) ( 0,16) ( 0,18)
(15,10): 25.93 ( 0, 0) ( 1, 0) ( 3, 0) ( 5, 0) ( 7, 0) ( 9, 0) (10, 0) (12, 0) (13, 0) (14, 1) (14, 3) (14, 5) (14, 7) (15, 7) (15, 9) (15,10)
(14, 6): 21.49 ( 0, 0) ( 0, 2) ( 0, 3) ( 1, 3) ( 2, 4) ( 3, 4) ( 5, 4) ( 7, 4) ( 7, 6) ( 9, 6) (10, 6) (12, 6) (14, 6)
(13, 6): 20.51 ( 0, 0) ( 0, 2) ( 0, 3) ( 1, 3) ( 2, 4) ( 3, 4) ( 5, 4) ( 7, 4) ( 7, 6) ( 9, 6) (10, 6) (12, 6) (13, 6)
(12,18): 31.00 ( 0, 0) ( 0, 2) ( 0, 3) ( 0, 5) ( 0, 7) ( 0, 9) ( 0,11) ( 1,12) ( 2,12) ( 2,13) ( 3,14) ( 5,14) ( 6,15) ( 7,16) ( 8,16) ( 9,17) ( 9,18) (11,18) (12,18)
( 1,19): 20.66 ( 0, 0) ( 0, 2) ( 0, 3) ( 0, 5) ( 0, 7) ( 0, 9) ( 0,11) ( 0,13) ( 0,14) ( 0,16) ( 1,17) ( 1,19)
( 0, 5):  5.34 ( 0, 0) ( 0, 2) ( 0, 3) ( 0, 5)
(15, 7): 22.80 ( 0, 0) ( 1, 0) ( 3, 0) ( 5, 0) ( 7, 0) ( 9, 0) (10, 0) (12, 0) (13, 0) (14, 1) (14, 3) (14, 5) (14, 7) (15, 7)
(13,19): 32.90 ( 0, 0) ( 0, 2) ( 0, 3) ( 0, 5) ( 0, 7) ( 0, 9) ( 0,11) ( 1,12) ( 2,12) ( 2,13) ( 3,14) ( 3,16) ( 4,17) ( 6,17) ( 6,19) ( 8,19) (10,19) (11,19) (13,19)
( 1, 0):  1.00 ( 0, 0) ( 1, 0)
( 0, 8):  8.78 ( 0, 0) ( 0, 2) ( 0, 3) ( 0, 5) ( 0, 6) ( 0, 8)
( 3, 5):  8.23 ( 0, 0) ( 0, 2) ( 0, 3) ( 1, 3) ( 1, 5) ( 3, 5)
( 2, 7):  9.42 ( 0, 0) ( 0, 2) ( 0, 3) ( 0, 5) ( 0, 7) ( 2, 7)
( 5,10): 16.56 ( 0, 0) ( 0, 2) ( 0, 3) ( 0, 5) ( 0, 7) ( 0, 9) ( 1,10) ( 2,10) ( 4,10) ( 5,10)
( 4, 6): 10.20 ( 0, 0) ( 0, 2) ( 0, 3) ( 1, 3) ( 2, 4) ( 3, 4) ( 4, 5) ( 4, 6)
( 6, 1):  9.13 ( 0, 0) ( 1, 0) ( 3, 0) ( 4, 0) ( 5, 1) ( 6, 1)
( 5, 7): 12.41 ( 0, 0) ( 0, 2) ( 0, 3) ( 1, 3) ( 2, 4) ( 3, 4) ( 4, 5) ( 5, 6) ( 5, 7)
( 4,17): 21.48 ( 0, 0) ( 0, 2) ( 0, 3) ( 0, 5) ( 0, 7) ( 0, 9) ( 0,11) ( 1,12) ( 2,12) ( 2,13) ( 3,14) ( 3,16) ( 4,17)
(16, 1): 17.93 ( 0, 0) ( 1, 0) ( 3, 0) ( 5, 0) ( 7, 0) ( 9, 0) (10, 0) (12, 0) (13, 0) (14, 1) (16, 1)
(19,12): 31.65 ( 0, 0) ( 1, 0) ( 3, 0) ( 5, 0) ( 7, 0) ( 9, 0) (10, 0) (12, 0) (13, 0) (14, 1) (14, 3) (15, 3) (15, 5) (16, 6) (16, 8) (16, 9) (17,10) (18,11) (19,12)
(17,12): 31.00 ( 0, 0) ( 1, 0) ( 3, 0) ( 5, 0) ( 7, 0) ( 9, 0) (10, 0) (12, 0) (13, 0) (14, 1) (14, 3) (14, 5) (14, 7) (14, 9) (14,11) (15,12) (17,12)
( 7,17): 25.27 ( 0, 0) ( 0, 2) ( 0, 3) ( 0, 5) ( 0, 7) ( 0, 9) ( 0,11) ( 1,12) ( 2,12) ( 2,13) ( 3,14) ( 5,14) ( 6,15) ( 7,15) ( 7,17)
(18,11): 29.64 ( 0, 0) ( 1, 0) ( 3, 0) ( 5, 0) ( 7, 0) ( 9, 0) (10, 0) (12, 0) (13, 0) (14, 1) (14, 3) (15, 3) (15, 5) (16, 6) (16, 8) (16, 9) (17,10) (18,11)
( 7, 6): 13.42 ( 0, 0) ( 0, 2) ( 0, 3) ( 1, 3) ( 2, 4) ( 3, 4) ( 5, 4) ( 7, 4) ( 7, 6)
( 8,13): 23.75 ( 0, 0) ( 0, 2) ( 0, 3) ( 1, 3) ( 2, 4) ( 3, 4) ( 5, 4) ( 7, 4) ( 7, 6) ( 7, 7) ( 8, 8) ( 8,10) ( 8,11) ( 8,13)
( 9, 8): 18.47 ( 0, 0) ( 0, 2) ( 0, 3) ( 1, 3) ( 2, 4) ( 3, 4) ( 5, 4) ( 7, 4) ( 7, 6) ( 9, 6) ( 9, 8)
( 8, 0):  8.08 ( 0, 0) ( 1, 0) ( 3, 0) ( 4, 0) ( 6, 0) ( 8, 0)
(10,15): 26.26 ( 0, 0) ( 0, 2) ( 0, 3) ( 0, 5) ( 0, 7) ( 0, 9) ( 0,11) ( 1,12) ( 2,12) ( 2,13) ( 3,14) ( 5,14) ( 6,15) ( 7,15) ( 9,15) (10,15)
( 8,19): 27.81 ( 0, 0) ( 0, 2) ( 0, 3) ( 0, 5) ( 0, 7) ( 0, 9) ( 0,11) ( 1,12) ( 2,12) ( 2,13) ( 3,14) ( 3,16) ( 4,17) ( 6,17) ( 6,19) ( 8,19)
(11,14): 26.92 ( 0, 0) ( 0, 2) ( 0, 3) ( 1, 3) ( 2, 4) ( 3, 4) ( 5, 4) ( 7, 4) ( 7, 6) ( 7, 7) ( 8, 8) ( 8,10) ( 8,11) (10,11) (11,12) (11,14)
( 9,18): 27.98 ( 0, 0) ( 0, 2) ( 0, 3) ( 0, 5) ( 0, 7) ( 0, 9) ( 0,11) ( 1,12) ( 2,12) ( 2,13) ( 3,14) ( 5,14) ( 6,15) ( 7,16) ( 8,16) ( 9,17) ( 9,18)
(15,19): 35.24 ( 0, 0) ( 0, 2) ( 0, 3) ( 0, 5) ( 0, 7) ( 0, 9) ( 0,11) ( 1,12) ( 2,12) ( 2,13) ( 3,14) ( 3,16) ( 4,17) ( 6,17) ( 6,19) ( 8,19) (10,19) (11,19) (13,19) (15,19)
(14, 9): 24.06 ( 0, 0) ( 1, 0) ( 3, 0) ( 5, 0) ( 7, 0) ( 9, 0) (10, 0) (12, 0) (13, 0) (14, 1) (14, 3) (14, 5) (14, 7) (14, 9)
(12, 9): 25.87 ( 0, 0) ( 0, 2) ( 0, 3) ( 1, 3) ( 2, 4) ( 3, 4) ( 5, 4) ( 7, 4) ( 7, 6) ( 7, 7) ( 8, 8) ( 8,10) (10,10) (11,10) (12, 9)
(11,19): 30.82 ( 0, 0) ( 0, 2) ( 0, 3) ( 0, 5) ( 0, 7) ( 0, 9) ( 0,11) ( 1,12) ( 2,12) ( 2,13) ( 3,14) ( 3,16) ( 4,17) ( 6,17) ( 6,19) ( 8,19) (10,19) (11,19)
(15,12): 28.72 ( 0, 0) ( 1, 0) ( 3, 0) ( 5, 0) ( 7, 0) ( 9, 0) (10, 0) (12, 0) (13, 0) (14, 1) (14, 3) (14, 5) (14, 7) (14, 9) (14,11) (15,12)
(13,12): 26.80 ( 0, 0) ( 0, 2) ( 0, 3) ( 1, 3) ( 2, 4) ( 3, 4) ( 5, 4) ( 7, 4) ( 7, 6) ( 7, 7) ( 8, 8) ( 8,10) ( 8,11) (10,11) (11,12) (13,12)
( 2,19): 21.47 ( 0, 0) ( 0, 2) ( 0, 3) ( 0, 5) ( 0, 7) ( 0, 9) ( 0,11) ( 0,13) ( 0,14) ( 0,16) ( 1,17) ( 2,18) ( 2,19)
( 3,10): 13.64 ( 0, 0) ( 0, 2) ( 0, 3) ( 0, 5) ( 0, 7) ( 0, 9) ( 1, 9) ( 3, 9) ( 3,10)
( 1,14): 16.74 ( 0, 0) ( 0, 2) ( 0, 3) ( 0, 5) ( 0, 7) ( 0, 9) ( 0,11) ( 0,13) ( 1,14)
( 2,13): 15.39 ( 0, 0) ( 0, 2) ( 0, 3) ( 0, 5) ( 0, 7) ( 0, 9) ( 0,11) ( 1,12) ( 2,12) ( 2,13)
( 5, 0):  5.08 ( 0, 0) ( 1, 0) ( 3, 0) ( 5, 0)
( 3,16): 19.39 ( 0, 0) ( 0, 2) ( 0, 3) ( 0, 5) ( 0, 7) ( 0, 9) ( 0,11) ( 1,12) ( 2,12) ( 2,13) ( 3,14) ( 3,16)
( 6,15): 21.87 ( 0, 0) ( 0, 2) ( 0, 3) ( 0, 5) ( 0, 7) ( 0, 9) ( 0,11) ( 1,12) ( 2,12) ( 2,13) ( 3,14) ( 5,14) ( 6,15)
(16, 9): 25.59 ( 0, 0) ( 1, 0) ( 3, 0) ( 5, 0) ( 7, 0) ( 9, 0) (10, 0) (12, 0) (13, 0) (14, 1) (14, 3) (15, 3) (15, 5) (16, 6) (16, 8) (16, 9)
(16,10): 26.62 ( 0, 0) ( 1, 0) ( 3, 0) ( 5, 0) ( 7, 0) ( 9, 0) (10, 0) (12, 0) (13, 0) (14, 1) (14, 3) (15, 3) (15, 5) (16, 6) (16, 8) (16,10)
( 7,14): 23.60 ( 0, 0) ( 0, 2) ( 0, 3) ( 0, 5) ( 0, 7) ( 0, 9) ( 0,11) ( 1,12) ( 2,12) ( 2,13) ( 3,14) ( 5,14) ( 7,14)
( 6,18): 24.52 ( 0, 0) ( 0, 2) ( 0, 3) ( 0, 5) ( 0, 7) ( 0, 9) ( 0,11) ( 1,12) ( 2,12) ( 2,13) ( 3,14) ( 3,16) ( 4,17) ( 6,17) ( 6,18)
(19, 6): 25.69 ( 0, 0) ( 1, 0) ( 3, 0) ( 5, 0) ( 7, 0) ( 9, 0) (11, 0) (12, 1) (12, 2) (14, 2) (15, 2) (16, 3) (17, 4) (19, 4) (19, 6)
(18, 2): 21.38 ( 0, 0) ( 1, 0) ( 3, 0) ( 5, 0) ( 7, 0) ( 9, 0) (10, 0) (12, 0) (13, 0) (14, 1) (16, 1) (17, 2) (18, 2)
(17,10): 27.60 ( 0, 0) ( 1, 0) ( 3, 0) ( 5, 0) ( 7, 0) ( 9, 0) (10, 0) (12, 0) (13, 0) (14, 1) (14, 3) (15, 3) (15, 5) (16, 6) (16, 8) (16, 9) (17,10)
(18,17): 35.81 ( 0, 0) ( 1, 0) ( 3, 0) ( 5, 0) ( 7, 0) ( 9, 0) (10, 0) (12, 0) (13, 0) (14, 1) (14, 3) (15, 3) (15, 5) (16, 6) (16, 8) (16, 9) (17,10) (18,11) (18,12) (18,14) (18,16) (18,17)
(16, 2): 18.50 ( 0, 0) ( 1, 0) ( 3, 0) ( 5, 0) ( 7, 0) ( 9, 0) (10, 0) (12, 0) (13, 0) (15, 0) (16, 0) (16, 2)
( 8, 7): 15.98 ( 0, 0) ( 0, 2) ( 0, 3) ( 1, 3) ( 2, 4) ( 3, 4) ( 5, 4) ( 7, 4) ( 7, 6) ( 8, 7)
( 9, 6): 16.46 ( 0, 0) ( 0, 2) ( 0, 3) ( 1, 3) ( 2, 4) ( 3, 4) ( 5, 4) ( 7, 4) ( 7, 6) ( 9, 6)
(11, 7): 19.47 ( 0, 0) ( 0, 2) ( 0, 3) ( 1, 3) ( 2, 4) ( 3, 4) ( 5, 4) ( 7, 4) ( 7, 6) ( 9, 6) (10, 7) (11, 7)
(10, 5): 16.08 ( 0, 0) ( 0, 2) ( 0, 3) ( 1, 3) ( 2, 4) ( 3, 4) ( 5, 4) ( 7, 4) ( 8, 5) (10, 5)
(14,16): 31.67 ( 0, 0) ( 0, 2) ( 0, 3) ( 0, 5) ( 0, 7) ( 0, 9) ( 0,11) ( 1,12) ( 2,12) ( 2,13) ( 3,14) ( 5,14) ( 6,15) ( 7,15) ( 9,15) (10,15) (12,15) (13,15) (14,16)
(12, 0): 12.33 ( 0, 0) ( 1, 0) ( 3, 0) ( 5, 0) ( 7, 0) ( 9, 0) (10, 0) (12, 0)
(11, 8): 20.47 ( 0, 0) ( 0, 2) ( 0, 3) ( 1, 3) ( 2, 4) ( 3, 4) ( 5, 4) ( 7, 4) ( 7, 6) ( 9, 6) ( 9, 8) (11, 8)
(10,16): 27.14 ( 0, 0) ( 0, 2) ( 0, 3) ( 0, 5) ( 0, 7) ( 0, 9) ( 0,11) ( 1,12) ( 2,12) ( 2,13) ( 3,14) ( 5,14) ( 6,15) ( 7,16) ( 8,16) (10,16)
( 0,19): 19.67 ( 0, 0) ( 0, 2) ( 0, 3) ( 0, 5) ( 0, 7) ( 0, 9) ( 0,11) ( 0,13) ( 0,14) ( 0,16) ( 0,17) ( 0,19)
(14, 7): 21.78 ( 0, 0) ( 1, 0) ( 3, 0) ( 5, 0) ( 7, 0) ( 9, 0) (10, 0) (12, 0) (13, 0) (14, 1) (14, 3) (14, 5) (14, 7)
(13, 5): 19.03 ( 0, 0) ( 1, 0) ( 3, 0) ( 5, 0) ( 7, 0) ( 9, 0) (10, 0) (11, 1) (11, 2) (11, 4) (13, 4) (13, 5)
(12,19): 31.81 ( 0, 0) ( 0, 2) ( 0, 3) ( 0, 5) ( 0, 7) ( 0, 9) ( 0,11) ( 1,12) ( 2,12) ( 2,13) ( 3,14) ( 3,16) ( 4,17) ( 6,17) ( 6,19) ( 8,19) (10,19) (12,19)
( 1,18): 19.42 ( 0, 0) ( 0, 2) ( 0, 3) ( 0, 5) ( 0, 7) ( 0, 9) ( 0,11) ( 0,13) ( 0,14) ( 0,16) ( 1,16) ( 1,18)
( 0, 6):  6.34 ( 0, 0) ( 0, 2) ( 0, 3) ( 0, 5) ( 0, 6)
(15, 6): 21.92 ( 0, 0) ( 1, 0) ( 3, 0) ( 5, 0) ( 7, 0) ( 9, 0) (10, 0) (12, 0) (13, 0) (14, 1) (14, 3) (15, 3) (15, 5) (15, 6)
(13,18): 32.17 ( 0, 0) ( 0, 2) ( 0, 3) ( 0, 5) ( 0, 7) ( 0, 9) ( 0,11) ( 1,12) ( 2,12) ( 2,13) ( 3,14) ( 5,14) ( 6,15) ( 7,16) ( 8,16) ( 9,17) ( 9,18) (11,18) (13,18)
( 1, 7):  9.03 ( 0, 0) ( 0, 2) ( 0, 3) ( 0, 5) ( 0, 6) ( 1, 7)
( 0, 9):  9.38 ( 0, 0) ( 0, 2) ( 0, 3) ( 0, 5) ( 0, 7) ( 0, 9)
( 3, 4):  7.20 ( 0, 0) ( 0, 2) ( 0, 3) ( 1, 3) ( 2, 4) ( 3, 4)
( 2, 4):  6.12 ( 0, 0) ( 0, 2) ( 0, 3) ( 1, 3) ( 2, 4)
( 5, 9): 15.73 ( 0, 0) ( 0, 2) ( 0, 3) ( 1, 3) ( 2, 4) ( 3, 4) ( 4, 5) ( 5, 6) ( 5, 8) ( 5, 9)
( 4, 7): 11.39 ( 0, 0) ( 0, 2) ( 0, 3) ( 1, 3) ( 2, 4) ( 3, 4) ( 4, 5) ( 4, 7)
( 6, 6): 12.33 ( 0, 0) ( 0, 2) ( 0, 3) ( 1, 3) ( 2, 4) ( 3, 4) ( 4, 5) ( 5, 6) ( 6, 6)
( 5, 6): 11.29 ( 0, 0) ( 0, 2) ( 0, 3) ( 1, 3) ( 2, 4) ( 3, 4) ( 4, 5) ( 5, 6)
( 7, 7): 14.64 ( 0, 0) ( 0, 2) ( 0, 3) ( 1, 3) ( 2, 4) ( 3, 4) ( 5, 4) ( 7, 4) ( 7, 6) ( 7, 7)
(19,15): 34.81 ( 0, 0) ( 1, 0) ( 3, 0) ( 5, 0) ( 7, 0) ( 9, 0) (10, 0) (12, 0) (13, 0) (14, 1) (14, 3) (15, 3) (15, 5) (16, 6) (16, 8) (16, 9) (17,10) (18,11) (18,12) (18,14) (19,15)
(17, 3): 20.50 ( 0, 0) ( 1, 0) ( 3, 0) ( 5, 0) ( 7, 0) ( 9, 0) (10, 0) (12, 0) (13, 0) (15, 0) (16, 0) (16, 2) (17, 3)
( 7,16): 23.93 ( 0, 0) ( 0, 2) ( 0, 3) ( 0, 5) ( 0, 7) ( 0, 9) ( 0,11) ( 1,12) ( 2,12) ( 2,13) ( 3,14) ( 5,14) ( 6,15) ( 7,16)
(19, 0): 19.94 ( 0, 0) ( 1, 0) ( 3, 0) ( 5, 0) ( 7, 0) ( 9, 0) (10, 0) (12, 0) (13, 0) (15, 0) (17, 0) (19, 0)
( 7, 4): 11.39 ( 0, 0) ( 0, 2) ( 0, 3) ( 1, 3) ( 2, 4) ( 3, 4) ( 5, 4) ( 7, 4)
( 9,15): 25.19 ( 0, 0) ( 0, 2) ( 0, 3) ( 0, 5) ( 0, 7) ( 0, 9) ( 0,11) ( 1,12) ( 2,12) ( 2,13) ( 3,14) ( 5,14) ( 6,15) ( 7,15) ( 9,15)
( 8, 1):  9.14 ( 0, 0) ( 1, 0) ( 3, 0) ( 5, 0) ( 7, 0) ( 8, 1)
(10,12): 24.38 ( 0, 0) ( 0, 2) ( 0, 3) ( 1, 3) ( 2, 4) ( 3, 4) ( 5, 4) ( 7, 4) ( 7, 6) ( 7, 7) ( 8, 8) ( 8,10) ( 8,11) ( 9,12) (10,12)
(11, 1): 12.55 ( 0, 0) ( 1, 0) ( 3, 0) ( 5, 0) ( 7, 0) ( 9, 0) (10, 0) (11, 1)
( 9,17): 26.97 ( 0, 0) ( 0, 2) ( 0, 3) ( 0, 5) ( 0, 7) ( 0, 9) ( 0,11) ( 1,12) ( 2,12) ( 2,13) ( 3,14) ( 5,14) ( 6,15) ( 7,16) ( 8,16) ( 9,17)
(15,18): 34.36 ( 0, 0) ( 0, 2) ( 0, 3) ( 0, 5) ( 0, 7) ( 0, 9) ( 0,11) ( 1,12) ( 2,12) ( 2,13) ( 3,14) ( 5,14) ( 6,15) ( 7,16) ( 8,16) ( 9,17) ( 9,18) (11,18) (13,18) (15,18)
(14,14): 30.72 ( 0, 0) ( 0, 2) ( 0, 3) ( 1, 3) ( 2, 4) ( 3, 4) ( 5, 4) ( 7, 4) ( 7, 6) ( 7, 7) ( 8, 8) ( 8,10) ( 8,11) (10,11) (11,12) (11,14) (12,14) (14,14)
(12,10): 24.46 ( 0, 0) ( 0, 2) ( 0, 3) ( 1, 3) ( 2, 4) ( 3, 4) ( 5, 4) ( 7, 4) ( 7, 6) ( 7, 7) ( 8, 8) ( 8,10) (10,10) (12,10)
(11,18): 29.98 ( 0, 0) ( 0, 2) ( 0, 3) ( 0, 5) ( 0, 7) ( 0, 9) ( 0,11) ( 1,12) ( 2,12) ( 2,13) ( 3,14) ( 5,14) ( 6,15) ( 7,16) ( 8,16) ( 9,17) ( 9,18) (11,18)
(15,15): 31.94 ( 0, 0) ( 0, 2) ( 0, 3) ( 0, 5) ( 0, 7) ( 0, 9) ( 0,11) ( 1,12) ( 2,12) ( 2,13) ( 3,14) ( 5,14) ( 6,15) ( 7,15) ( 9,15) (10,15) (12,15) (14,15) (15,15)
(13,11): 25.86 ( 0, 0) ( 0, 2) ( 0, 3) ( 1, 3) ( 2, 4) ( 3, 4) ( 5, 4) ( 7, 4) ( 7, 6) ( 7, 7) ( 8, 8) ( 8,10) ( 8,11) (10,11) (12,11) (13,11)
( 2,16): 18.47 ( 0, 0) ( 0, 2) ( 0, 3) ( 0, 5) ( 0, 7) ( 0, 9) ( 0,11) ( 1,12) ( 2,12) ( 2,14) ( 2,16)
( 0, 0):  0.00 ( 0, 0)
( 8,14): 24.82 ( 0, 0) ( 0, 2) ( 0, 3) ( 0, 5) ( 0, 7) ( 0, 9) ( 0,11) ( 1,12) ( 2,12) ( 2,13) ( 3,14) ( 5,14) ( 7,14) ( 8,14)
( 1,13): 14.38 ( 0, 0) ( 0, 2) ( 0, 3) ( 0, 5) ( 0, 7) ( 0, 9) ( 0,11) ( 0,13) ( 1,13)
( 4,14): 18.54 ( 0, 0) ( 0, 2) ( 0, 3) ( 0, 5) ( 0, 7) ( 0, 9) ( 0,11) ( 1,12) ( 2,12) ( 2,14) ( 4,14)
( 2,10): 13.11 ( 0, 0) ( 0, 2) ( 0, 3) ( 0, 5) ( 0, 7) ( 0, 9) ( 1,10) ( 2,10)
( 5,15): 20.70 ( 0, 0) ( 0, 2) ( 0, 3) ( 0, 5) ( 0, 7) ( 0, 9) ( 0,11) ( 1,12) ( 2,12) ( 2,13) ( 3,14) ( 5,14) ( 5,15)
( 3,19): 22.53 ( 0, 0) ( 0, 2) ( 0, 3) ( 0, 5) ( 0, 7) ( 0, 9) ( 0,11) ( 0,13) ( 0,14) ( 0,16) ( 1,17) ( 2,18) ( 3,19)
( 6,12): 18.79 ( 0, 0) ( 0, 2) ( 0, 3) ( 0, 5) ( 0, 7) ( 0, 9) ( 0,11) ( 1,12) ( 3,12) ( 5,12) ( 6,12)
(17, 4): 21.62 ( 0, 0) ( 1, 0) ( 3, 0) ( 5, 0) ( 7, 0) ( 9, 0) (11, 0) (12, 1) (12, 2) (14, 2) (15, 2) (16, 3) (17, 4)
(16,12): 29.37 ( 0, 0) ( 1, 0) ( 3, 0) ( 5, 0) ( 7, 0) ( 9, 0) (10, 0) (12, 0) (13, 0) (14, 1) (14, 3) (14, 5) (14, 7) (15, 7) (15, 9) (15,11) (16,12)
( 6,19): 25.53 ( 0, 0) ( 0, 2) ( 0, 3) ( 0, 5) ( 0, 7) ( 0, 9) ( 0,11) ( 1,12) ( 2,12) ( 2,13) ( 3,14) ( 3,16) ( 4,17) ( 6,17) ( 6,19)
(19, 9): 29.03 ( 0, 0) ( 1, 0) ( 3, 0) ( 5, 0) ( 7, 0) ( 9, 0) (11, 0) (12, 1) (12, 2) (14, 2) (15, 2) (16, 3) (17, 4) (19, 4) (19, 5) (19, 7) (19, 9)
(18, 3): 21.52 ( 0, 0) ( 1, 0) ( 3, 0) ( 5, 0) ( 7, 0) ( 9, 0) (10, 0) (12, 0) (13, 0) (15, 0) (16, 0) (16, 2) (17, 3) (18, 3)
(18,14): 32.80 ( 0, 0) ( 1, 0) ( 3, 0) ( 5, 0) ( 7, 0) ( 9, 0) (10, 0) (12, 0) (13, 0) (14, 1) (14, 3) (15, 3) (15, 5) (16, 6) (16, 8) (16, 9) (17,10) (18,11) (18,12) (18,14)
(17,17): 35.70 ( 0, 0) ( 1, 0) ( 3, 0) ( 5, 0) ( 7, 0) ( 9, 0) (10, 0) (12, 0) (13, 0) (14, 1) (14, 3) (15, 3) (15, 5) (16, 6) (16, 8) (16, 9) (17,10) (17,11) (17,13) (17,15) (17,17)
(16, 0): 16.43 ( 0, 0) ( 1, 0) ( 3, 0) ( 5, 0) ( 7, 0) ( 9, 0) (10, 0) (12, 0) (13, 0) (15, 0) (16, 0)
( 9, 5): 15.10 ( 0, 0) ( 0, 2) ( 0, 3) ( 1, 3) ( 2, 4) ( 3, 4) ( 5, 4) ( 7, 4) ( 8, 5) ( 9, 5)
(11, 6): 18.55 ( 0, 0) ( 0, 2) ( 0, 3) ( 1, 3) ( 2, 4) ( 3, 4) ( 5, 4) ( 7, 4) ( 7, 6) ( 9, 6) (11, 6)
(14,17): 32.77 ( 0, 0) ( 0, 2) ( 0, 3) ( 0, 5) ( 0, 7) ( 0, 9) ( 0,11) ( 1,12) ( 2,12) ( 2,13) ( 3,14) ( 5,14) ( 6,15) ( 7,15) ( 9,15) (10,15) (12,15) (13,15) (13,17) (14,17)
(12, 1): 13.45 ( 0, 0) ( 1, 0) ( 3, 0) ( 5, 0) ( 7, 0) ( 9, 0) (11, 0) (12, 1)
(11,11): 25.54 ( 0, 0) ( 0, 2) ( 0, 3) ( 1, 3) ( 2, 4) ( 3, 4) ( 5, 4) ( 7, 4) ( 7, 6) ( 7, 7) ( 8, 8) ( 8,10) (10,10) (11,11)
(10,17): 28.22 ( 0, 0) ( 0, 2) ( 0, 3) ( 0, 5) ( 0, 7) ( 0, 9) ( 0,11) ( 1,12) ( 2,12) ( 2,13) ( 3,14) ( 5,14) ( 6,15) ( 7,16) ( 8,16) (10,16) (10,17)
(14, 4): 18.97 ( 0, 0) ( 1, 0) ( 3, 0) ( 5, 0) ( 7, 0) ( 9, 0) (10, 0) (11, 1) (11, 2) (11, 4) (13, 4) (14, 4)
(13, 4): 17.95 ( 0, 0) ( 1, 0) ( 3, 0) ( 5, 0) ( 7, 0) ( 9, 0) (10, 0) (11, 1) (11, 2) (11, 4) (13, 4)
(12,12): 25.81 ( 0, 0) ( 0, 2) ( 0, 3) ( 1, 3) ( 2, 4) ( 3, 4) ( 5, 4) ( 7, 4) ( 7, 6) ( 7, 7) ( 8, 8) ( 8,10) ( 8,11) (10,11) (11,12) (12,12)
( 1,17): 18.42 ( 0, 0) ( 0, 2) ( 0, 3) ( 0, 5) ( 0, 7) ( 0, 9) ( 0,11) ( 0,13) ( 0,14) ( 0,16) ( 1,17)
( 0, 7):  7.38 ( 0, 0) ( 0, 2) ( 0, 3) ( 0, 5) ( 0, 7)
(15, 1): 16.44 ( 0, 0) ( 1, 0) ( 3, 0) ( 5, 0) ( 7, 0) ( 9, 0) (10, 0) (12, 0) (13, 0) (15, 0) (15, 1)
(13,17): 31.75 ( 0, 0) ( 0, 2) ( 0, 3) ( 0, 5) ( 0, 7) ( 0, 9) ( 0,11) ( 1,12) ( 2,12) ( 2,13) ( 3,14) ( 5,14) ( 6,15) ( 7,15) ( 9,15) (10,15) (12,15) (13,15) (13,17)
( 1, 6):  7.23 ( 0, 0) ( 0, 2) ( 0, 3) ( 1, 3) ( 1, 5) ( 1, 6)
( 0,10): 10.38 ( 0, 0) ( 0, 2) ( 0, 3) ( 0, 5) ( 0, 7) ( 0, 9) ( 0,10)
( 3, 7): 10.42 ( 0, 0) ( 0, 2) ( 0, 3) ( 1, 3) ( 1, 5) ( 3, 5) ( 3, 7)
( 2, 5):  8.24 ( 0, 0) ( 0, 2) ( 0, 3) ( 0, 5) ( 2, 5)
( 1,11): 12.98 ( 0, 0) ( 0, 2) ( 0, 3) ( 0, 5) ( 0, 7) ( 0, 9) ( 1,10) ( 1,11)
( 5, 8): 14.57 ( 0, 0) ( 0, 2) ( 0, 3) ( 1, 3) ( 2, 4) ( 3, 4) ( 4, 5) ( 5, 6) ( 5, 8)
( 4, 0):  4.02 ( 0, 0) ( 1, 0) ( 3, 0) ( 4, 0)
( 6, 7): 14.19 ( 0, 0) ( 0, 2) ( 0, 3) ( 1, 3) ( 2, 4) ( 3, 4) ( 4, 5) ( 5, 6) ( 6, 7)
( 5, 5): 10.20 ( 0, 0) ( 0, 2) ( 0, 3) ( 1, 3) ( 2, 4) ( 3, 4) ( 4, 5) ( 5, 5)
(16, 3): 19.62 ( 0, 0) ( 1, 0) ( 3, 0) ( 5, 0) ( 7, 0) ( 9, 0) (11, 0) (12, 1) (12, 2) (14, 2) (15, 2) (16, 3)
( 6,10): 19.01 ( 0, 0) ( 0, 2) ( 0, 3) ( 1, 3) ( 2, 4) ( 3, 4) ( 4, 5) ( 5, 6) ( 5, 8) ( 5, 9) ( 6,10)
(19,14): 33.65 ( 0, 0) ( 1, 0) ( 3, 0) ( 5, 0) ( 7, 0) ( 9, 0) (10, 0) (12, 0) (13, 0) (14, 1) (14, 3) (15, 3) (15, 5) (16, 6) (16, 8) (16, 9) (17,10) (18,11) (18,13) (19,14)
(17, 2): 20.27 ( 0, 0) ( 1, 0) ( 3, 0) ( 5, 0) ( 7, 0) ( 9, 0) (10, 0) (12, 0) (13, 0) (14, 1) (16, 1) (17, 2)
( 7,19): 26.55 ( 0, 0) ( 0, 2) ( 0, 3) ( 0, 5) ( 0, 7) ( 0, 9) ( 0,11) ( 1,12) ( 2,12) ( 2,13) ( 3,14) ( 3,16) ( 4,17) ( 6,17) ( 6,19) ( 7,19)
(19, 3): 22.50 ( 0, 0) ( 1, 0) ( 3, 0) ( 5, 0) ( 7, 0) ( 9, 0) (10, 0) (12, 0) (13, 0) (15, 0) (16, 0) (16, 2) (17, 3) (19, 3)
( 8,15): 24.84 ( 0, 0) ( 0, 2) ( 0, 3) ( 0, 5) ( 0, 7) ( 0, 9) ( 0,11) ( 1,12) ( 2,12) ( 2,13) ( 3,14) ( 5,14) ( 6,15) ( 8,15)
( 9,14): 25.22 ( 0, 0) ( 0, 2) ( 0, 3) ( 1, 3) ( 2, 4) ( 3, 4) ( 5, 4) ( 7, 4) ( 7, 6) ( 7, 7) ( 8, 8) ( 8,10) ( 8,11) ( 9,12) ( 9,14)
(16,15): 32.94 ( 0, 0) ( 0, 2) ( 0, 3) ( 0, 5) ( 0, 7) ( 0, 9) ( 0,11) ( 1,12) ( 2,12) ( 2,13) ( 3,14) ( 5,14) ( 6,15) ( 7,15) ( 9,15) (10,15) (12,15) (14,15) (16,15)
(10,13): 25.19 ( 0, 0) ( 0, 2) ( 0, 3) ( 1, 3) ( 2, 4) ( 3, 4) ( 5, 4) ( 7, 4) ( 7, 6) ( 7, 7) ( 8, 8) ( 8,10) ( 8,11) (10,11) (10,13)
(11, 0): 11.33 ( 0, 0) ( 1, 0) ( 3, 0) ( 5, 0) ( 7, 0) ( 9, 0) (11, 0)
( 9,16): 26.67 ( 0, 0) ( 0, 2) ( 0, 3) ( 0, 5) ( 0, 7) ( 0, 9) ( 0,11) ( 1,12) ( 2,12) ( 2,13) ( 3,14) ( 5,14) ( 6,15) ( 7,15) ( 9,15) ( 9,16)
(14,15): 30.93 ( 0, 0) ( 0, 2) ( 0, 3) ( 0, 5) ( 0, 7) ( 0, 9) ( 0,11) ( 1,12) ( 2,12) ( 2,13) ( 3,14) ( 5,14) ( 6,15) ( 7,15) ( 9,15) (10,15) (12,15) (14,15)
(12,11): 24.84 ( 0, 0) ( 0, 2) ( 0, 3) ( 1, 3) ( 2, 4) ( 3, 4) ( 5, 4) ( 7, 4) ( 7, 6) ( 7, 7) ( 8, 8) ( 8,10) ( 8,11) (10,11) (12,11)
( 7, 0):  7.08 ( 0, 0) ( 1, 0) ( 3, 0) ( 5, 0) ( 7, 0)
(15,14): 31.77 ( 0, 0) ( 0, 2) ( 0, 3) ( 1, 3) ( 2, 4) ( 3, 4) ( 5, 4) ( 7, 4) ( 7, 6) ( 7, 7) ( 8, 8) ( 8,10) ( 8,11) (10,11) (11,12) (11,14) (12,14) (14,14) (15,14)
(14, 2): 16.56 ( 0, 0) ( 1, 0) ( 3, 0) ( 5, 0) ( 7, 0) ( 9, 0) (11, 0) (12, 1) (12, 2) (14, 2)
(13,10): 25.68 ( 0, 0) ( 0, 2) ( 0, 3) ( 1, 3) ( 2, 4) ( 3, 4) ( 5, 4) ( 7, 4) ( 7, 6) ( 7, 7) ( 8, 8) ( 8,10) (10,10) (12,10) (13,10)
( 2,17): 21.12 ( 0, 0) ( 0, 2) ( 0, 3) ( 0, 5) ( 0, 7) ( 0, 9) ( 0,11) ( 0,13) ( 0,14) ( 0,16) ( 0,17) ( 2,17)
( 0, 1):  1.08 ( 0, 0) ( 0, 1)
( 3,12): 15.38 ( 0, 0) ( 0, 2) ( 0, 3) ( 0, 5) ( 0, 7) ( 0, 9) ( 0,11) ( 1,12) ( 3,12)
( 1,12): 13.38 ( 0, 0) ( 0, 2) ( 0, 3) ( 0, 5) ( 0, 7) ( 0, 9) ( 0,11) ( 1,12)
( 4,15): 19.48 ( 0, 0) ( 0, 2) ( 0, 3) ( 0, 5) ( 0, 7) ( 0, 9) ( 0,11) ( 1,12) ( 2,12) ( 2,14) ( 2,15) ( 4,15)
( 3, 1):  4.01 ( 0, 0) ( 1, 0) ( 2, 1) ( 3, 1)
( 2,11): 13.85 ( 0, 0) ( 0, 2) ( 0, 3) ( 0, 5) ( 0, 7) ( 0, 9) ( 1,10) ( 2,11)
( 5,14): 19.48 ( 0, 0) ( 0, 2) ( 0, 3) ( 0, 5) ( 0, 7) ( 0, 9) ( 0,11) ( 1,12) ( 2,12) ( 2,13) ( 3,14) ( 5,14)
( 3,18): 23.57 ( 0, 0) ( 0, 2) ( 0, 3) ( 0, 5) ( 0, 7) ( 0, 9) ( 0,11) ( 0,13) ( 0,14) ( 0,16) ( 0,17) ( 2,17) ( 3,18)
( 6,13): 19.55 ( 0, 0) ( 0, 2) ( 0, 3) ( 0, 5) ( 0, 7) ( 0, 9) ( 1, 9) ( 3, 9) ( 3,11) ( 3,13) ( 5,13) ( 6,13)
( 7, 8): 15.86 ( 0, 0) ( 0, 2) ( 0, 3) ( 1, 3) ( 2, 4) ( 3, 4) ( 5, 4) ( 7, 4) ( 7, 6) ( 7, 8)
( 6,16): 22.49 ( 0, 0) ( 0, 2) ( 0, 3) ( 0, 5) ( 0, 7) ( 0, 9) ( 0,11) ( 1,12) ( 2,12) ( 2,13) ( 3,14) ( 5,14) ( 6,14) ( 6,16)
(18, 0): 18.43 ( 0, 0) ( 1, 0) ( 3, 0) ( 5, 0) ( 7, 0) ( 9, 0) (10, 0) (12, 0) (13, 0) (15, 0) (16, 0) (18, 0)
(17, 8): 25.67 ( 0, 0) ( 1, 0) ( 3, 0) ( 5, 0) ( 7, 0) ( 9, 0) (10, 0) (12, 0) (13, 0) (14, 1) (14, 3) (15, 3) (15, 5) (16, 6) (16, 8) (17, 8)
(16,16): 33.94 ( 0, 0) ( 0, 2) ( 0, 3) ( 0, 5) ( 0, 7) ( 0, 9) ( 0,11) ( 1,12) ( 2,12) ( 2,13) ( 3,14) ( 5,14) ( 6,15) ( 7,15) ( 9,15) (10,15) (12,15) (14,15) (15,16) (16,16)
(18,15): 33.80 ( 0, 0) ( 1, 0) ( 3, 0) ( 5, 0) ( 7, 0) ( 9, 0) (10, 0) (12, 0) (13, 0) (14, 1) (14, 3) (15, 3) (15, 5) (16, 6) (16, 8) (16, 9) (17,10) (18,11) (18,12) (18,14) (18,15)
( 8, 9): 18.61 ( 0, 0) ( 0, 2) ( 0, 3) ( 1, 3) ( 2, 4) ( 3, 4) ( 5, 4) ( 7, 4) ( 7, 6) ( 7, 7) ( 8, 8) ( 8, 9)
( 9, 4): 15.08 ( 0, 0) ( 0, 2) ( 0, 3) ( 1, 3) ( 2, 4) ( 3, 4) ( 5, 4) ( 7, 4) ( 9, 4)
( 7,11): 20.08 ( 0, 0) ( 0, 2) ( 0, 3) ( 1, 3) ( 2, 4) ( 3, 4) ( 5, 4) ( 7, 4) ( 7, 6) ( 7, 7) ( 7, 9) ( 7,11)
(12, 2): 14.47 ( 0, 0) ( 1, 0) ( 3, 0) ( 5, 0) ( 7, 0) ( 9, 0) (11, 0) (12, 1) (12, 2)
(11,10): 23.58 ( 0, 0) ( 0, 2) ( 0, 3) ( 1, 3) ( 2, 4) ( 3, 4) ( 5, 4) ( 7, 4) ( 7, 6) ( 7, 7) ( 8, 8) ( 8,10) (10,10) (11,10)
(14, 5): 19.78 ( 0, 0) ( 1, 0) ( 3, 0) ( 5, 0) ( 7, 0) ( 9, 0) (10, 0) (12, 0) (13, 0) (14, 1) (14, 3) (14, 5)
(12,13): 27.03 ( 0, 0) ( 0, 2) ( 0, 3) ( 1, 3) ( 2, 4) ( 3, 4) ( 5, 4) ( 7, 4) ( 7, 6) ( 7, 7) ( 8, 8) ( 8,10) ( 8,11) (10,11) (12,11) (12,13)
( 1,16): 17.42 ( 0, 0) ( 0, 2) ( 0, 3) ( 0, 5) ( 0, 7) ( 0, 9) ( 0,11) ( 0,13) ( 0,14) ( 0,16) ( 1,16)
( 3,13): 16.54 ( 0, 0) ( 0, 2) ( 0, 3) ( 0, 5) ( 0, 7) ( 0, 9) ( 1, 9) ( 3, 9) ( 3,11) ( 3,13)
(15, 0): 15.43 ( 0, 0) ( 1, 0) ( 3, 0) ( 5, 0) ( 7, 0) ( 9, 0) (10, 0) (12, 0) (13, 0) (15, 0)
(13,16): 30.56 ( 0, 0) ( 0, 2) ( 0, 3) ( 0, 5) ( 0, 7) ( 0, 9) ( 0,11) ( 1,12) ( 2,12) ( 2,13) ( 3,14) ( 5,14) ( 6,15) ( 7,15) ( 9,15) (10,15) (12,15) (13,16)
( 1, 5):  6.19 ( 0, 0) ( 0, 2) ( 0, 3) ( 1, 3) ( 1, 5)
( 0,11): 11.38 ( 0, 0) ( 0, 2) ( 0, 3) ( 0, 5) ( 0, 7) ( 0, 9) ( 0,11)
( 3, 6): 10.36 ( 0, 0) ( 0, 2) ( 0, 3) ( 0, 5) ( 2, 5) ( 3, 6)
( 2, 2):  4.03 ( 0, 0) ( 0, 2) ( 2, 2)
( 1,10): 11.76 ( 0, 0) ( 0, 2) ( 0, 3) ( 0, 5) ( 0, 7) ( 0, 9) ( 1,10)
( 4, 1):  5.04 ( 0, 0) ( 1, 0) ( 2, 1) ( 4, 1)
( 6, 4): 10.20 ( 0, 0) ( 0, 2) ( 0, 3) ( 1, 3) ( 2, 4) ( 3, 4) ( 5, 4) ( 6, 4)
( 5, 4):  9.20 ( 0, 0) ( 0, 2) ( 0, 3) ( 1, 3) ( 2, 4) ( 3, 4) ( 5, 4)
(16, 4): 20.62 ( 0, 0) ( 1, 0) ( 3, 0) ( 5, 0) ( 7, 0) ( 9, 0) (10, 0) (12, 0) (13, 0) (14, 1) (14, 3) (15, 3) (16, 4)
( 6,11): 19.78 ( 0, 0) ( 0, 2) ( 0, 3) ( 1, 3) ( 2, 4) ( 3, 4) ( 4, 5) ( 5, 6) ( 6, 7) ( 6, 9) ( 6,11)
(19,17): 36.80 ( 0, 0) ( 1, 0) ( 3, 0) ( 5, 0) ( 7, 0) ( 9, 0) (10, 0) (12, 0) (13, 0) (14, 1) (14, 3) (15, 3) (15, 5) (16, 6) (16, 8) (16, 9) (17,10) (18,11) (18,12) (18,14) (18,16) (19,17)
(17, 1): 18.52 ( 0, 0) ( 1, 0) ( 3, 0) ( 5, 0) ( 7, 0) ( 9, 0) (10, 0) (12, 0) (13, 0) (15, 0) (16, 0) (17, 1)
( 7,18): 25.94 ( 0, 0) ( 0, 2) ( 0, 3) ( 0, 5) ( 0, 7) ( 0, 9) ( 0,11) ( 1,12) ( 2,12) ( 2,13) ( 3,14) ( 5,14) ( 6,15) ( 7,16) ( 7,18)
(19, 2): 21.53 ( 0, 0) ( 1, 0) ( 3, 0) ( 5, 0) ( 7, 0) ( 9, 0) (10, 0) (12, 0) (13, 0) (15, 0) (16, 0) (17, 1) (18, 1) (19, 2)
(18, 6): 24.63 ( 0, 0) ( 1, 0) ( 3, 0) ( 5, 0) ( 7, 0) ( 9, 0) (10, 0) (12, 0) (13, 0) (14, 1) (14, 3) (15, 3) (15, 5) (16, 6) (18, 6)
( 9,13): 24.24 ( 0, 0) ( 0, 2) ( 0, 3) ( 1, 3) ( 2, 4) ( 3, 4) ( 5, 4) ( 7, 4) ( 7, 6) ( 7, 7) ( 8, 8) ( 8,10) ( 8,11) ( 9,12) ( 9,13)
( 8, 3): 11.77 ( 0, 0) ( 1, 0) ( 3, 0) ( 5, 0) ( 7, 0) ( 8, 1) ( 8, 3)
(10,10): 22.42 ( 0, 0) ( 0, 2) ( 0, 3) ( 1, 3) ( 2, 4) ( 3, 4) ( 5, 4) ( 7, 4) ( 7, 6) ( 7, 7) ( 8, 8) ( 8,10) (10,10)
(16,13): 30.76 ( 0, 0) ( 1, 0) ( 3, 0) ( 5, 0) ( 7, 0) ( 9, 0) (10, 0) (12, 0) (13, 0) (14, 1) (14, 3) (14, 5) (14, 7) (14, 9) (14,11) (15,12) (16,13)
(11, 3): 17.39 ( 0, 0) ( 1, 0) ( 3, 0) ( 5, 0) ( 7, 0) ( 9, 0) (10, 0) (11, 1) (11, 3)
(15, 9): 24.81 ( 0, 0) ( 1, 0) ( 3, 0) ( 5, 0) ( 7, 0) ( 9, 0) (10, 0) (12, 0) (13, 0) (14, 1) (14, 3) (14, 5) (14, 7) (15, 7) (15, 9)
(14, 3): 17.50 ( 0, 0) ( 1, 0) ( 3, 0) ( 5, 0) ( 7, 0) ( 9, 0) (10, 0) (12, 0) (13, 0) (14, 1) (14, 3)
(13, 9): 24.81 ( 0, 0) ( 1, 0) ( 3, 0) ( 5, 0) ( 7, 0) ( 9, 0) (10, 0) (11, 1) (11, 2) (11, 4) (13, 4) (13, 5) (13, 7) (13, 9)
( 0, 2):  2.01 ( 0, 0) ( 0, 2)
( 3,15): 18.66 ( 0, 0) ( 0, 2) ( 0, 3) ( 0, 5) ( 0, 7) ( 0, 9) ( 0,11) ( 1,12) ( 2,12) ( 2,14) ( 3,15)
( 1, 3):  4.10 ( 0, 0) ( 0, 2) ( 0, 3) ( 1, 3)
( 4, 8): 12.22 ( 0, 0) ( 0, 2) ( 0, 3) ( 1, 3) ( 2, 4) ( 3, 4) ( 4, 5) ( 4, 6) ( 4, 8)
( 3, 0):  3.01 ( 0, 0) ( 1, 0) ( 3, 0)
( 2, 8): 10.42 ( 0, 0) ( 0, 2) ( 0, 3) ( 0, 5) ( 0, 7) ( 2, 7) ( 2, 8)
( 5,13): 18.55 ( 0, 0) ( 0, 2) ( 0, 3) ( 0, 5) ( 0, 7) ( 0, 9) ( 1, 9) ( 3, 9) ( 3,11) ( 3,13) ( 5,13)
( 6, 2): 10.05 ( 0, 0) ( 1, 0) ( 3, 0) ( 4, 0) ( 5, 1) ( 6, 2)
(16,14): 32.13 ( 0, 0) ( 1, 0) ( 3, 0) ( 5, 0) ( 7, 0) ( 9, 0) (10, 0) (12, 0) (13, 0) (14, 1) (14, 3) (14, 5) (14, 7) (15, 7) (15, 9) (15,11) (16,12) (16,14)
( 6,17): 23.50 ( 0, 0) ( 0, 2) ( 0, 3) ( 0, 5) ( 0, 7) ( 0, 9) ( 0,11) ( 1,12) ( 2,12) ( 2,13) ( 3,14) ( 3,16) ( 4,17) ( 6,17)
(19,11): 30.65 ( 0, 0) ( 1, 0) ( 3, 0) ( 5, 0) ( 7, 0) ( 9, 0) (10, 0) (12, 0) (13, 0) (14, 1) (14, 3) (15, 3) (15, 5) (16, 6) (16, 8) (16, 9) (17,10) (18,11) (19,11)
(18, 1): 19.53 ( 0, 0) ( 1, 0) ( 3, 0) ( 5, 0) ( 7, 0) ( 9, 0) (10, 0) (12, 0) (13, 0) (15, 0) (16, 0) (17, 1) (18, 1)
(17,15): 33.69 ( 0, 0) ( 1, 0) ( 3, 0) ( 5, 0) ( 7, 0) ( 9, 0) (10, 0) (12, 0) (13, 0) (14, 1) (14, 3) (15, 3) (15, 5) (16, 6) (16, 8) (16, 9) (17,10) (17,11) (17,13) (17,15)
(16,17): 34.95 ( 0, 0) ( 0, 2) ( 0, 3) ( 0, 5) ( 0, 7) ( 0, 9) ( 0,11) ( 1,12) ( 2,12) ( 2,13) ( 3,14) ( 5,14) ( 6,15) ( 7,15) ( 9,15) (10,15) (12,15) (14,15) (15,16) (16,17)
(18,12): 30.76 ( 0, 0) ( 1, 0) ( 3, 0) ( 5, 0) ( 7, 0) ( 9, 0) (10, 0) (12, 0) (13, 0) (14, 1) (14, 3) (15, 3) (15, 5) (16, 6) (16, 8) (16, 9) (17,10) (18,11) (18,12)
( 8,10): 19.66 ( 0, 0) ( 0, 2) ( 0, 3) ( 1, 3) ( 2, 4) ( 3, 4) ( 5, 4) ( 7, 4) ( 7, 6) ( 7, 7) ( 8, 8) ( 8,10)
( 9,11): 22.94 ( 0, 0) ( 0, 2) ( 0, 3) ( 1, 3) ( 2, 4) ( 3, 4) ( 5, 4) ( 7, 4) ( 7, 6) ( 7, 7) ( 8, 8) ( 8,10) ( 9,11)
(10, 0): 10.32 ( 0, 0) ( 1, 0) ( 3, 0) ( 5, 0) ( 7, 0) ( 9, 0) (10, 0)
( 8,16): 24.95 ( 0, 0) ( 0, 2) ( 0, 3) ( 0, 5) ( 0, 7) ( 0, 9) ( 0,11) ( 1,12) ( 2,12) ( 2,13) ( 3,14) ( 5,14) ( 6,15) ( 7,16) ( 8,16)
(11,13): 25.82 ( 0, 0) ( 0, 2) ( 0, 3) ( 1, 3) ( 2, 4) ( 3, 4) ( 5, 4) ( 7, 4) ( 7, 6) ( 7, 7) ( 8, 8) ( 8,10) ( 8,11) (10,11) (11,12) (11,13)
(14,10): 25.28 ( 0, 0) ( 1, 0) ( 3, 0) ( 5, 0) ( 7, 0) ( 9, 0) (10, 0) (12, 0) (13, 0) (14, 1) (14, 3) (14, 5) (14, 7) (14, 9) (14,10)
(13, 2): 15.61 ( 0, 0) ( 1, 0) ( 3, 0) ( 5, 0) ( 7, 0) ( 9, 0) (11, 0) (12, 1) (13, 2)
(12,14): 27.97 ( 0, 0) ( 0, 2) ( 0, 3) ( 1, 3) ( 2, 4) ( 3, 4) ( 5, 4) ( 7, 4) ( 7, 6) ( 7, 7) ( 8, 8) ( 8,10) ( 8,11) (10,11) (11,12) (11,14) (12,14)
(15, 3): 18.50 ( 0, 0) ( 1, 0) ( 3, 0) ( 5, 0) ( 7, 0) ( 9, 0) (10, 0) (12, 0) (13, 0) (14, 1) (14, 3) (15, 3)
(13,15): 29.66 ( 0, 0) ( 0, 2) ( 0, 3) ( 0, 5) ( 0, 7) ( 0, 9) ( 0,11) ( 1,12) ( 2,12) ( 2,13) ( 3,14) ( 5,14) ( 6,15) ( 7,15) ( 9,15) (10,15) (12,15) (13,15)
( 1, 4):  8.70 ( 0, 0) ( 0, 2) ( 0, 4) ( 1, 4)
( 0,12): 13.07 ( 0, 0) ( 0, 2) ( 0, 3) ( 0, 5) ( 0, 7) ( 0, 9) ( 0,10) ( 0,12)
( 3, 9): 12.47 ( 0, 0) ( 0, 2) ( 0, 3) ( 0, 5) ( 0, 7) ( 0, 9) ( 1, 9) ( 3, 9)
( 1, 9): 10.38 ( 0, 0) ( 0, 2) ( 0, 3) ( 0, 5) ( 0, 7) ( 0, 9) ( 1, 9)
( 2,14): 16.43 ( 0, 0) ( 0, 2) ( 0, 3) ( 0, 5) ( 0, 7) ( 0, 9) ( 0,11) ( 1,12) ( 2,12) ( 2,14)
( 6, 5): 11.48 ( 0, 0) ( 0, 2) ( 0, 3) ( 1, 3) ( 2, 4) ( 3, 4) ( 4, 5) ( 6, 5)
( 5, 3):  8.56 ( 0, 0) ( 1, 0) ( 2, 1) ( 4, 1) ( 4, 3) ( 5, 3)
(16, 5): 21.58 ( 0, 0) ( 1, 0) ( 3, 0) ( 5, 0) ( 7, 0) ( 9, 0) (10, 0) (12, 0) (13, 0) (14, 1) (14, 3) (15, 3) (15, 5) (16, 5)
( 6, 8): 15.98 ( 0, 0) ( 0, 2) ( 0, 3) ( 1, 3) ( 2, 4) ( 3, 4) ( 4, 5) ( 5, 6) ( 5, 8) ( 6, 8)
( 5,16): 21.48 ( 0, 0) ( 0, 2) ( 0, 3) ( 0, 5) ( 0, 7) ( 0, 9) ( 0,11) ( 1,12) ( 2,12) ( 2,14) ( 2,15) ( 4,15) ( 5,16)
(19,16): 35.81 ( 0, 0) ( 1, 0) ( 3, 0) ( 5, 0) ( 7, 0) ( 9, 0) (10, 0) (12, 0) (13, 0) (14, 1) (14, 3) (15, 3) (15, 5) (16, 6) (16, 8) (16, 9) (17,10) (18,11) (18,12) (18,14) (18,16) (19,16)
(17, 0): 17.44 ( 0, 0) ( 1, 0) ( 3, 0) ( 5, 0) ( 7, 0) ( 9, 0) (10, 0) (12, 0) (13, 0) (15, 0) (17, 0)
( 7,13): 22.82 ( 0, 0) ( 0, 2) ( 0, 3) ( 0, 5) ( 0, 7) ( 0, 9) ( 0,11) ( 1,12) ( 3,12) ( 5,12) ( 6,12) ( 7,13)
(19, 5): 24.64 ( 0, 0) ( 1, 0) ( 3, 0) ( 5, 0) ( 7, 0) ( 9, 0) (11, 0) (12, 1) (12, 2) (14, 2) (15, 2) (16, 3) (17, 4) (19, 4) (19, 5)
(18, 7): 26.38 ( 0, 0) ( 1, 0) ( 3, 0) ( 5, 0) ( 7, 0) ( 9, 0) (10, 0) (12, 0) (13, 0) (14, 1) (14, 3) (15, 3) (15, 5) (16, 5) (17, 6) (18, 7)
( 7, 9): 18.08 ( 0, 0) ( 0, 2) ( 0, 3) ( 1, 3) ( 2, 4) ( 3, 4) ( 5, 4) ( 7, 4) ( 7, 6) ( 7, 7) ( 7, 9)
(18,18): 36.86 ( 0, 0) ( 1, 0) ( 3, 0) ( 5, 0) ( 7, 0) ( 9, 0) (10, 0) (12, 0) (13, 0) (14, 1) (14, 3) (15, 3) (15, 5) (16, 6) (16, 8) (16, 9) (17,10) (18,11) (18,12) (18,14) (18,16) (18,18)
( 9,12): 23.22 ( 0, 0) ( 0, 2) ( 0, 3) ( 1, 3) ( 2, 4) ( 3, 4) ( 5, 4) ( 7, 4) ( 7, 6) ( 7, 7) ( 8, 8) ( 8,10) ( 8,11) ( 9,12)
( 8, 4): 14.06 ( 0, 0) ( 0, 2) ( 0, 3) ( 1, 3) ( 2, 4) ( 3, 4) ( 5, 4) ( 6, 4) ( 8, 4)
(10,11): 22.80 ( 0, 0) ( 0, 2) ( 0, 3) ( 1, 3) ( 2, 4) ( 3, 4) ( 5, 4) ( 7, 4) ( 7, 6) ( 7, 7) ( 8, 8) ( 8,10) ( 8,11) (10,11)
( 9, 1): 13.11 ( 0, 0) ( 1, 0) ( 3, 0) ( 4, 0) ( 5, 1) ( 7, 1) ( 9, 1)
(11, 2): 13.60 ( 0, 0) ( 1, 0) ( 3, 0) ( 5, 0) ( 7, 0) ( 9, 0) (10, 0) (11, 1) (11, 2)
(10, 6): 17.48 ( 0, 0) ( 0, 2) ( 0, 3) ( 1, 3) ( 2, 4) ( 3, 4) ( 5, 4) ( 7, 4) ( 7, 6) ( 9, 6) (10, 6)
(12, 5): 17.85 ( 0, 0) ( 1, 0) ( 3, 0) ( 5, 0) ( 7, 0) ( 9, 0) (10, 0) (11, 1) (11, 2) (11, 4) (12, 5)
( 0,16): 16.40 ( 0, 0) ( 0, 2) ( 0, 3) ( 0, 5) ( 0, 7) ( 0, 9) ( 0,11) ( 0,13) ( 0,14) ( 0,16)
(15, 8): 23.78 ( 0, 0) ( 1, 0) ( 3, 0) ( 5, 0) ( 7, 0) ( 9, 0) (10, 0) (12, 0) (13, 0) (14, 1) (14, 3) (14, 5) (14, 7) (15, 8)
(14, 0): 14.61 ( 0, 0) ( 1, 0) ( 3, 0) ( 5, 0) ( 7, 0) ( 9, 0) (10, 0) (12, 0) (14, 0)
(13, 8): 23.33 ( 0, 0) ( 1, 0) ( 3, 0) ( 5, 0) ( 7, 0) ( 9, 0) (10, 0) (11, 1) (11, 2) (11, 4) (13, 4) (13, 5) (13, 7) (13, 8)
(12,16): 30.11 ( 0, 0) ( 0, 2) ( 0, 3) ( 0, 5) ( 0, 7) ( 0, 9) ( 0,11) ( 1,12) ( 2,12) ( 2,13) ( 3,14) ( 5,14) ( 6,15) ( 7,15) ( 9,15) (10,15) (12,15) (12,16)
( 0, 3):  3.05 ( 0, 0) ( 0, 2) ( 0, 3)
(15, 5): 20.50 ( 0, 0) ( 1, 0) ( 3, 0) ( 5, 0) ( 7, 0) ( 9, 0) (10, 0) (12, 0) (13, 0) (14, 1) (14, 3) (15, 3) (15, 5)
( 3,14): 17.39 ( 0, 0) ( 0, 2) ( 0, 3) ( 0, 5) ( 0, 7) ( 0, 9) ( 0,11) ( 1,12) ( 2,12) ( 2,13) ( 3,14)
( 1, 2):  3.03 ( 0, 0) ( 1, 0) ( 1, 2)
( 4, 9): 13.30 ( 0, 0) ( 0, 2) ( 0, 3) ( 1, 3) ( 2, 4) ( 3, 4) ( 4, 5) ( 4, 6) ( 4, 8) ( 4, 9)
( 3, 3):  7.07 ( 0, 0) ( 0, 2) ( 0, 3) ( 1, 3) ( 3, 3)
( 2, 9): 11.70 ( 0, 0) ( 0, 2) ( 0, 3) ( 0, 5) ( 0, 7) ( 2, 7) ( 2, 9)
( 5,12): 17.72 ( 0, 0) ( 0, 2) ( 0, 3) ( 0, 5) ( 0, 7) ( 0, 9) ( 0,11) ( 1,12) ( 3,12) ( 5,12)
( 4, 4):  8.24 ( 0, 0) ( 0, 2) ( 0, 3) ( 1, 3) ( 2, 4) ( 4, 4)
( 6, 3):  9.61 ( 0, 0) ( 1, 0) ( 2, 1) ( 4, 1) ( 4, 3) ( 6, 3)
( 8, 8): 17.33 ( 0, 0) ( 0, 2) ( 0, 3) ( 1, 3) ( 2, 4) ( 3, 4) ( 5, 4) ( 7, 4) ( 7, 6) ( 7, 7) ( 8, 8)
( 7, 2): 11.14 ( 0, 0) ( 1, 0) ( 3, 0) ( 4, 0) ( 5, 1) ( 6, 1) ( 7, 2)
( 7,10): 19.08 ( 0, 0) ( 0, 2) ( 0, 3) ( 1, 3) ( 2, 4) ( 3, 4) ( 5, 4) ( 7, 4) ( 7, 6) ( 7, 7) ( 7, 9) ( 7,10)
(17,14): 33.13 ( 0, 0) ( 1, 0) ( 3, 0) ( 5, 0) ( 7, 0) ( 9, 0) (10, 0) (12, 0) (13, 0) (14, 1) (14, 3) (14, 5) (14, 7) (15, 7) (15, 9) (15,11) (16,12) (16,14) (17,14)
(16,18): 35.44 ( 0, 0) ( 0, 2) ( 0, 3) ( 0, 5) ( 0, 7) ( 0, 9) ( 0,11) ( 1,12) ( 2,12) ( 2,13) ( 3,14) ( 5,14) ( 6,15) ( 7,16) ( 8,16) ( 9,17) ( 9,18) (11,18) (13,18) (15,18) (16,18)
(18,13): 31.65 ( 0, 0) ( 1, 0) ( 3, 0) ( 5, 0) ( 7, 0) ( 9, 0) (10, 0) (12, 0) (13, 0) (14, 1) (14, 3) (15, 3) (15, 5) (16, 6) (16, 8) (16, 9) (17,10) (18,11) (18,13)
(17,19): 37.44 ( 0, 0) ( 0, 2) ( 0, 3) ( 0, 5) ( 0, 7) ( 0, 9) ( 0,11) ( 1,12) ( 2,12) ( 2,13) ( 3,14) ( 5,14) ( 6,15) ( 7,16) ( 8,16) ( 9,17) ( 9,18) (11,18) (13,18) (15,18) (16,18) (17,19)
( 8,11): 20.78 ( 0, 0) ( 0, 2) ( 0, 3) ( 1, 3) ( 2, 4) ( 3, 4) ( 5, 4) ( 7, 4) ( 7, 6) ( 7, 7) ( 8, 8) ( 8,10) ( 8,11)
( 7, 1): 11.10 ( 0, 0) ( 1, 0) ( 3, 0) ( 4, 0) ( 5, 1) ( 7, 1)
( 9,10): 21.22 ( 0, 0) ( 0, 2) ( 0, 3) ( 1, 3) ( 2, 4) ( 3, 4) ( 5, 4) ( 7, 4) ( 7, 6) ( 7, 7) ( 8, 8) ( 8,10) ( 9,10)
( 8,17): 26.16 ( 0, 0) ( 0, 2) ( 0, 3) ( 0, 5) ( 0, 7) ( 0, 9) ( 0,11) ( 1,12) ( 2,12) ( 2,13) ( 3,14) ( 5,14) ( 6,15) ( 7,16) ( 8,17)
(11,12): 24.80 ( 0, 0) ( 0, 2) ( 0, 3) ( 1, 3) ( 2, 4) ( 3, 4) ( 5, 4) ( 7, 4) ( 7, 6) ( 7, 7) ( 8, 8) ( 8,10) ( 8,11) (10,11) (11,12)
(15,17): 33.94 ( 0, 0) ( 0, 2) ( 0, 3) ( 0, 5) ( 0, 7) ( 0, 9) ( 0,11) ( 1,12) ( 2,12) ( 2,13) ( 3,14) ( 5,14) ( 6,15) ( 7,15) ( 9,15) (10,15) (12,15) (14,15) (15,16) (15,17)
(14,11): 26.22 ( 0, 0) ( 1, 0) ( 3, 0) ( 5, 0) ( 7, 0) ( 9, 0) (10, 0) (12, 0) (13, 0) (14, 1) (14, 3) (14, 5) (14, 7) (14, 9) (14,11)
(13, 1): 14.64 ( 0, 0) ( 1, 0) ( 3, 0) ( 5, 0) ( 7, 0) ( 9, 0) (10, 0) (11, 1) (13, 1)
(12,15): 28.55 ( 0, 0) ( 0, 2) ( 0, 3) ( 0, 5) ( 0, 7) ( 0, 9) ( 0,11) ( 1,12) ( 2,12) ( 2,13) ( 3,14) ( 5,14) ( 6,15) ( 7,15) ( 9,15) (10,15) (12,15)
(11,17): 29.36 ( 0, 0) ( 0, 2) ( 0, 3) ( 0, 5) ( 0, 7) ( 0, 9) ( 0,11) ( 1,12) ( 2,12) ( 2,13) ( 3,14) ( 5,14) ( 6,15) ( 7,16) ( 8,16) ( 9,17) (11,17)
(15, 2): 17.58 ( 0, 0) ( 1, 0) ( 3, 0) ( 5, 0) ( 7, 0) ( 9, 0) (11, 0) (12, 1) (12, 2) (14, 2) (15, 2)
(13,14): 28.87 ( 0, 0) ( 0, 2) ( 0, 3) ( 1, 3) ( 2, 4) ( 3, 4) ( 5, 4) ( 7, 4) ( 7, 6) ( 7, 7) ( 8, 8) ( 8,10) ( 8,11) (10,11) (11,12) (13,12) (13,14)
( 0,13): 13.38 ( 0, 0) ( 0, 2) ( 0, 3) ( 0, 5) ( 0, 7) ( 0, 9) ( 0,11) ( 0,13)
( 3, 8): 11.65 ( 0, 0) ( 0, 2) ( 0, 3) ( 0, 5) ( 0, 7) ( 2, 7) ( 3, 8)
( 2, 0):  2.01 ( 0, 0) ( 2, 0)
( 1, 8): 12.10 ( 0, 0) ( 0, 2) ( 0, 3) ( 0, 5) ( 0, 6) ( 1, 7) ( 1, 8)
( 4, 3):  7.54 ( 0, 0) ( 1, 0) ( 2, 1) ( 4, 1) ( 4, 3)
( 2,15): 17.47 ( 0, 0) ( 0, 2) ( 0, 3) ( 0, 5) ( 0, 7) ( 0, 9) ( 0,11) ( 1,12) ( 2,12) ( 2,14) ( 2,15)
( 5, 2):  9.33 ( 0, 0) ( 1, 0) ( 3, 0) ( 4, 0) ( 5, 1) ( 5, 2)
