433.80
(16, 7) (16, 6)
( 6, 8) ( 6, 9)
(17, 6) (17, 7)
(16,10) (16, 9)
(19, 5) (19, 4)
(19,19) (18,19)
( 7, 5) ( 8, 5)
(10, 7) (10, 8)
(10, 0) ( 9, 0)
(10, 5) (11, 5)
(11, 7) (10, 7)
(16, 9) (16, 8)
(13, 6) (12, 6)
(10,17) (10,18)
( 1,17) ( 0,17)
(15,10) (15,11)
(14, 2) (14, 1)
(14, 7) (13, 7)
(11,17) (12,17)
( 1, 4) ( 0, 4)
(15, 5) (15, 4)
( 1, 2) ( 1, 1)
( 5,10) ( 4,10)
( 1, 6) ( 2, 6)
( 5,10) ( 5,11)
( 4, 6) ( 4, 5)
( 7, 0) ( 6, 0)
( 4,15) ( 4,16)
( 7, 4) ( 7, 5)
(19,14) (19,13)
(18,13) (17,13)
(17,19) (16,19)
(19, 9) (18,10)
(17,17) (17,18)
( 7,12) ( 8,12)
( 9, 8) ( 9, 9)
( 9,14) (10,14)
( 8,17) ( 8,18)
(10,19) ( 9,19)
(16,16) (15,16)
(14, 7) (14, 8)
(12, 0) (13, 0)
(12, 7) (12, 8)
(11,17) (11,16)
( 6, 4) ( 7, 4)
(15,14) (15,13)
(13,14) (13,13)
( 1,18) ( 2,18)
( 0,13) ( 0,14)
( 3,12) ( 3,11)
( 3, 1) ( 2, 1)
( 2,13) ( 2,12)
( 6, 1) ( 5, 1)
(16, 8) (16, 7)
( 5,14) ( 6,14)
(18,18) (19,18)
(16, 6) (17, 6)
( 6,15) ( 7,15)
(19, 6) (19, 7)
(18,11) (17,11)
(18,17) (18,16)
( 8, 5) ( 8, 6)
(10, 7) ( 9, 7)
(10, 4) (11, 4)
(10, 5) (10, 4)
(15,19) (14,19)
(12, 6) (12, 7)
(11,19) (10,19)
( 0,17) ( 0,18)
(15, 9) (15,10)
(15, 6) (14, 6)
(14, 6) (13, 6)
(12,19) (12,18)
( 0,19) ( 1,19)
( 0, 6) ( 0, 5)
(15, 8) (15, 7)
(14,19) (13,19)
( 2, 0) ( 1, 0)
( 1, 7) ( 0, 8)
( 4, 5) ( 3, 5)
( 3, 7) ( 2, 7)
( 6, 3) ( 7, 3)
( 5, 6) ( 4, 6)
( 6, 2) ( 6, 1)
( 4, 7) ( 5, 7)
( 4,16) ( 4,17)
(15, 2) (16, 1)
(19,13) (19,12)
(16,13) (17,12)
( 7,16) ( 7,17)
(19,11) (18,11)
( 8, 6) ( 7, 6)
( 8,14) ( 8,13)
( 9, 7) ( 9, 8)
( 9, 0) ( 8, 0)
(10,16) (10,15)
( 9,19) ( 8,19)
(12,14) (11,14)
( 9,19) ( 9,18)
(16,19) (15,19)
(13, 9) (14, 9)
(12,10) (12, 9)
(12,19) (11,19)
(14,11) (15,12)
(13,13) (13,12)
( 2,18) ( 2,19)
( 3,11) ( 3,10)
( 0,14) ( 1,14)
( 2,14) ( 2,13)
( 6, 0) ( 5, 0)
( 2,16) ( 3,16)
(16, 6) (16, 5)
( 5,15) ( 6,15)
( 8,14) ( 7,14)
( 6,17) ( 6,18)
(18, 6) (19, 6)
(17, 2) (18, 2)
(17,11) (17,10)
(19,17) (18,17)
( 7, 6) ( 7, 7)
( 8, 6) ( 8, 7)
( 5, 9) ( 5,10)
(10, 6) ( 9, 6)
(12, 7) (11, 7)
( 9, 5) (10, 5)
(14,17) (14,16)
(11, 0) (12, 0)
(11, 7) (11, 8)
(10,17) (10,16)
( 0,18) ( 0,19)
(15, 7) (14, 7)
(12, 5) (13, 5)
(13,19) (12,19)
( 1,17) ( 1,18)
( 0, 7) ( 0, 6)
(16, 6) (15, 6)
(12,18) (13,18)
( 1, 6) ( 1, 7)
( 1, 9) ( 0, 9)
( 4, 4) ( 3, 4)
( 3, 4) ( 2, 4)
( 6, 9) ( 5, 9)
( 4, 8) ( 4, 7)
( 5, 6) ( 6, 6)
( 5, 7) ( 5, 6)
(16, 3) (16, 2)
(19,16) (19,15)
(16, 3) (17, 3)
( 7,15) ( 7,16)
(18, 0) (19, 0)
( 8,15) ( 8,14)
(10,15) ( 9,15)
( 8, 0) ( 8, 1)
( 9,12) (10,12)
(12, 1) (11, 1)
( 9,18) ( 9,17)
(16,18) (15,18)
(14,15) (14,14)
(13,10) (12,10)
(11,19) (11,18)
(15,16) (15,15)
(12,11) (13,11)
( 2,15) ( 2,16)
( 1, 0) ( 0, 0)
( 3,14) ( 3,13)
( 1,12) ( 1,13)
( 5,14) ( 4,14)
( 2,11) ( 2,10)
( 5,14) ( 5,15)
( 2,19) ( 3,19)
( 7,12) ( 6,12)
(16, 4) (17, 4)
(17,13) (16,12)
( 6,18) ( 6,19)
(19,11) (19, 9)
(17, 3) (18, 3)
(18,15) (18,14)
(18,17) (17,17)
(15, 0) (16, 0)
( 8, 5) ( 9, 5)
(10, 6) (11, 6)
(13,17) (14,17)
(13, 1) (12, 1)
(11,10) (11,11)
( 9,17) (10,17)
(13, 4) (14, 4)
(13, 5) (13, 4)
(13,12) (12,12)
( 1,16) ( 1,17)
( 0, 9) ( 0, 7)
(15, 0) (15, 1)
(13,18) (13,17)
( 0, 6) ( 1, 6)
( 0, 9) ( 0,10)
( 4, 7) ( 3, 7)
( 2, 6) ( 2, 5)
( 1,10) ( 1,11)
( 5, 9) ( 5, 8)
( 5, 0) ( 4, 0)
( 7, 7) ( 6, 7)
( 4, 5) ( 5, 5)
(16, 4) (16, 3)
( 6,11) ( 6,10)
(18,14) (19,14)
(16, 1) (17, 2)
( 6,19) ( 7,19)
(18, 3) (19, 3)
( 9,15) ( 8,15)
( 8,14) ( 9,14)
( 7, 9) ( 7,10)
(11,13) (10,13)
(11, 1) (11, 0)
( 9,15) ( 9,16)
(15,15) (14,15)
(12,12) (12,11)
(16,14) (15,14)
(15, 2) (14, 2)
(13,11) (13,10)
( 1,17) ( 2,17)
( 0, 2) ( 0, 1)
( 2,12) ( 3,12)
( 2,12) ( 1,12)
( 4,14) ( 4,15)
( 3, 0) ( 3, 1)
( 1,11) ( 2,11)
( 5,13) ( 5,14)
( 2,17) ( 3,18)
( 5,13) ( 6,13)
( 7, 7) ( 7, 8)
( 5,16) ( 6,16)
(17, 0) (18, 0)
(16, 8) (17, 8)
(16,15) (16,16)
(18,16) (18,15)
( 9, 9) ( 8, 9)
( 8, 4) ( 9, 4)
(17,14) (16,14)
(12, 1) (12, 2)
(12,10) (11,10)
(15, 5) (14, 5)
(12,12) (12,13)
( 2,16) ( 1,16)
(14, 0) (15, 0)
(14,16) (13,16)
( 0, 5) ( 1, 5)
( 0,10) ( 0,11)
( 2, 6) ( 3, 6)
( 2, 1) ( 2, 2)
( 0,10) ( 1,10)
( 3, 1) ( 4, 1)
( 5, 4) ( 6, 4)
( 5, 5) ( 5, 4)
(15, 4) (16, 4)
( 6,12) ( 6,11)
(19,18) (19,17)
(18, 1) (17, 1)
( 8,18) ( 7,18)
(19, 3) (19, 2)
(17, 6) (18, 6)
( 9,14) ( 9,13)
( 7, 3) ( 8, 3)
(11,10) (10,10)
(15,12) (16,13)
(11, 5) (11, 3)
(14, 9) (15, 9)
(15, 3) (14, 3)
(13,10) (13, 9)
( 1, 2) ( 0, 2)
( 3,14) ( 3,15)
( 0, 3) ( 1, 3)
( 4, 9) ( 4, 8)
( 4, 0) ( 3, 0)
( 2, 7) ( 2, 8)
( 5,12) ( 5,13)
( 5, 3) ( 6, 2)
( 7,10) ( 7,11)
( 6,16) ( 6,17)
(19,12) (19,11)
(18, 0) (18, 1)
(18,15) (17,15)
(17,17) (16,17)
(18,11) (18,12)
(15,16) (15,17)
( 9,10) ( 8,10)
( 9,12) ( 9,11)
(11, 0) (10, 0)
( 8, 9) ( 7, 9)
(11,12) (11,13)
(13,10) (14,10)
(14, 2) (13, 2)
(13,14) (12,14)
(15, 4) (15, 3)
(13,16) (13,15)
( 2, 5) ( 1, 4)
( 1,11) ( 0,12)
( 3,10) ( 3, 9)
( 2, 9) ( 1, 9)
( 3,14) ( 2,14)
( 6, 6) ( 6, 5)
( 5, 4) ( 5, 3)
( 7,16) ( 8,16)
( 8, 0) ( 7, 0)
( 7, 8) ( 6, 8)
( 4,16) ( 5,16)
(19,17) (19,16)
(16, 0) (17, 0)
( 7,14) ( 7,13)
(19, 6) (19, 5)
(19, 7) (18, 7)
(18,19) (18,18)
( 9,13) ( 9,12)
( 8, 5) ( 8, 4)
(10,10) (10,11)
( 7, 1) ( 9, 1)
(11, 1) (11, 2)
(10, 7) (10, 6)
(10, 5) (12, 5)
( 1,16) ( 0,16)
(15, 9) (15, 8)
(13, 0) (14, 0)
(13, 7) (13, 8)
(11,16) (12,16)
( 0, 2) ( 0, 3)
(16, 5) (15, 5)
( 4,14) ( 3,14)
( 2, 2) ( 1, 2)
( 3, 9) ( 4, 9)
( 4, 3) ( 3, 3)
( 3, 9) ( 2, 9)
( 6,12) ( 5,12)
( 4, 5) ( 4, 4)
( 6, 4) ( 6, 3)
( 8, 9) ( 8, 8)
( 6, 2) ( 7, 2)
(17,15) (16,15)
(18,14) (17,14)
(16,17) (16,18)
(19,13) (18,13)
(18,19) (17,19)
( 8,10) ( 8,11)
( 7, 2) ( 7, 1)
(10,10) ( 9,10)
( 7,11) ( 7,12)
( 7,17) ( 8,17)
(12,12) (11,12)
(17,10) (16,10)
(14,10) (14,11)
(13, 2) (13, 1)
(13,15) (12,15)
(11,18) (11,17)
(15, 3) (15, 2)
(13,15) (13,14)
( 1,13) ( 0,13)
( 3, 9) ( 3, 8)
( 2, 1) ( 2, 0)
( 1, 7) ( 1, 8)
( 5, 3) ( 4, 3)
( 2,14) ( 2,15)
( 5, 1) ( 5, 2)
